1.000000000000000000e+00
1.086016133092218672e+00
1.022660565083963968e+00
1.668547522147194595e-01
1.065104541731425769e+00
8.497650691341910312e-01
3.827498897437944803e-01
8.116819997909363593e-03
-1.703671644112558781e-01
-4.727320735848622446e-01
-6.524440446080959077e-01
3.483113119435852223e-01
1.029668194557241900e+00
1.470196562459120004e+00
1.169451891485480566e+00
9.015433699433867965e-01
2.145255886887368346e-01
7.221835955391288087e-01
1.451916919750495527e-01
3.763721175989215850e-01
1.103742549474523216e+00
-6.094255428347801207e-01
1.733522798173399160e+00
-6.525748063625447237e-02
7.009618406136712832e-01
-5.306120715906246232e-01
-1.209487882890961430e+00
-8.982032911628505811e-01
-8.466588209895330452e-01
-1.986052369591891908e-01
-1.438516142541067744e+00
-2.515038275276235247e+00
-2.012387158154925526e+00
-3.208164474608442340e+00
-2.488327558903121961e+00
-8.260424028819177700e-01
-6.908461442883913062e-01
1.154002742282759231e-01
9.247215814924911736e-01
8.487948443185974190e-01
1.143704336098045893e-01
1.646016804375420195e+00
2.656269767350224686e+00
2.931496790522514662e+00
1.787753881581405135e+00
2.786375962899217296e+00
2.597660871519722026e+00
1.515564384332524162e+00
1.015948247658440051e+00
2.110971713855267051e+00
5.149457395210692567e-01
