1.000000000000000000e+00
-1.130710432174883540e+00
1.822092893615870235e+00
1.356734747971560129e+00
1.689711504616239424e+00
2.255431173600529249e+00
3.421949182150914481e+00
-1.242632669891625241e+00
1.722542479308303065e+00
2.593213660214602534e+00
2.850046309906348441e+00
2.507447092508948483e+00
1.984768360034838697e+00
2.096879687984844587e+00
2.081981475966999451e+00
2.168881507417383503e+00
1.366871476524387230e+00
-9.961221048315307414e-01
-1.382418958136544251e-01
3.087626291406828094e-01
4.433435482783595893e-01
2.092228623698134893e+00
2.840460601847075495e+00
1.600869621334042092e+00
1.614099568288364761e+00
1.051396485957716731e+00
5.298338892903768027e+00
2.905351700347928112e+00
-1.322699531570155518e+00
2.716092544243185802e+00
3.708204098341340238e+00
2.904887894358330058e+00
4.099995731471227423e+00
1.344973388254536495e+00
9.669397209349297473e-01
-1.196260003511772529e+00
2.127112703423315487e+00
4.262965067976075773e+00
-3.631754399223012797e-01
4.366231828028216411e-01
1.847383962124869328e+00
5.719045446597730287e-01
-6.123040340859462471e-01
3.198513353703367201e+00
9.682106430025916310e-01
1.976550580491530873e+00
2.585696144712048561e-01
2.786018563956114691e-01
1.401762378304459267e+00
1.924885687557024827e+00
3.089986524230932119e-01
3.503876291396765819e+00
7.675932036902523237e+00
3.157854634669856608e-01
1.430439471001884844e+00
1.999272440507014803e+00
5.484383409487036953e-01
-1.166166375243233189e+00
1.384537937859976031e+00
-6.325414295328781744e-01
6.631025916717592228e-02
-1.353012875477009602e-02
-7.930633455403948706e-02
7.208738821686897502e-01
-9.463010696374771769e-01
2.032356291956183281e-01
2.118483542567159095e+00
1.726369807083219854e+00
-5.506034864556306196e-01
2.437028940979907965e+00
-7.578766598789914433e-01
-9.262929843515692596e-01
1.864121074514157872e+00
1.137201322146805804e+00
1.393023216406450215e+00
3.105470401310459039e+00
2.306619333002050798e+00
1.305641015587347020e+00
1.264153771814629623e+00
2.178265599631413529e+00
3.355745897693034774e+00
2.530052887756272462e+00
-4.736390724745778158e-01
9.906979458172262554e-01
-6.415895565582703242e-01
-1.484390232264030329e+00
1.000955746417659276e+00
2.737182042056707232e-01
1.430592112589190501e+00
1.933343449343124298e+00
2.475860770209449946e+00
2.259488817024852825e+00
-1.396387009164383741e-01
1.921957821907929187e+00
-6.270550190060957263e-01
2.626301144483300209e+00
-1.967839692228831705e+00
3.167148310262760891e+00
1.026504658273738713e+00
2.081261976932931024e+00
1.063115159549741229e+00
-3.385512648987574202e-01
6.962080664047747280e-01
9.628177080989634984e-01
-1.161488738723215342e-02
1.048745896962819835e+00
1.952135413665674779e+00
1.023496463545945367e+00
5.394882140926204883e-01
5.139346987074613349e-01
1.856305087694547495e+00
2.824424666597804556e+00
7.879978475816063366e+00
-1.133101243745783648e+01
-1.186186692487403249e+01
-6.580200158310752556e+00
-2.126793761398268146e+01
-8.067252752277720873e+00
-1.012054774059920526e+01
-9.071875334496539267e+00
-5.334978822808708721e+00
2.290706585613783375e+00
1.467614853072136682e-01
4.311756431827752145e+00
-8.339490847693484810e-01
-4.257436316719754865e-01
1.456066126974447927e-01
-8.733097716845960035e-01
-4.718437547025317258e+00
-1.428038595067929961e+00
-7.785432503398179716e-01
1.817743208549038370e+00
-1.517490070882457465e+00
-3.417842789297788286e+00
-2.563595115496837273e+00
-1.872705058451412219e+00
-3.032234363885565109e+00
-3.252037769924951860e+00
4.862104347674588212e+00
8.836504195111642090e+00
2.983440604134040441e+00
-1.208742300511790546e+00
-1.106597512086249457e+00
1.503174967265037409e-01
1.497108475841820052e+00
1.688392727239475866e+00
1.748075059992377556e+00
1.962169367583049606e+00
8.469398298045888396e+00
5.051147634626032001e-01
1.101754412170391717e+00
9.062040801826302783e+00
-5.566680982196615446e+00
-3.640496717358386203e+00
-1.615664767829812387e+00
-1.079270818457163994e+00
2.016270223069113854e+00
5.780575574394752891e-02
6.119132936056015382e-01
1.161448043346469117e+00
9.970279085453630508e-01
-1.075330657655837463e-02
1.046985678445624679e-01
-1.923460968925200243e-02
6.892152870729935099e-01
1.192402385954746569e+00
1.950291074542637837e+00
1.432521352785247615e-01
3.380345162146974669e+00
-1.572587495469384145e-01
-4.424809359557893562e-01
1.127562291681108997e+00
1.492530387606192388e+00
2.195157604000994578e+00
8.331908551133979657e-01
8.876075388549897749e-01
2.463799719309025527e+00
1.797749559276349274e+00
1.116993447791067906e+00
1.491156485541148546e+00
7.507752404900001064e-01
-1.931337210552339423e+00
1.735805695845860086e-03
1.718198247886437269e+00
6.625630634513561823e-01
2.930750035636016104e+00
1.613325597771190445e+00
-2.051423596589587284e+00
7.199281725377790764e-01
8.501855202350818708e-01
1.202175362598659092e+00
6.644885887055125284e-01
9.325576043294108164e-01
3.624891188650797069e+00
-5.190086378091214314e-01
2.258476654304311548e+00
7.875737313683346397e-01
1.092538114143834838e+00
1.828514374214520011e+00
2.491630564990213514e+00
1.913218170555786024e-01
4.296469853318063414e-01
-4.130233551254478108e+00
-3.999014481894604955e+00
5.552969995221868516e+00
4.808942405185257840e+00
2.451146097767752163e+00
-9.312058991313465484e-02
-5.229731623901101578e-02
2.127019654003615479e+00
2.995081963881085496e-01
1.690107504130339722e+00
1.414653483138366585e+00
7.294033614793877796e-01
-8.988938040010974184e-01
2.646431829088605969e+00
-4.267834292542160846e-01
4.227392815083591771e+00
1.983468733841345699e+00
2.499813536359611454e+00
4.599186810825717231e-02
4.343034056624297395e-02
2.722999444210137288e+00
-2.523674384594408071e+00
2.331862262114228201e-01
2.016604719734294449e+00
-5.817133288529117152e-01
-4.745994716142309389e-01
-9.677429047767402981e-01
1.039954046338492644e+00
4.090638815814195972e-01
2.702177729840452347e+00
-5.635351909409789251e-01
2.296179227054465422e+00
1.713067126696735221e+00
1.589352426207918167e+00
-2.744677707268277089e-01
1.533377940247178106e-01
1.728165953677890165e+00
1.439194457757707823e+00
8.948824662185179690e-01
4.629972261233017972e-01
1.606233349229057250e+00
1.242347173877215605e+00
2.004851937982330412e-01
9.239557209335036436e-01
8.941949430059812354e-01
2.286096400207177304e+00
7.748034140942818837e-01
3.047599888751157504e+00
1.960167947379090503e+00
-3.529256323420102426e-01
-1.471632940283624569e+00
3.585463464472455009e+00
1.767392131210857587e+00
8.216923889035254724e-02
-6.859935926903049097e-01
-3.132132795242030809e-01
3.017422353391689516e+00
-3.771025656009218796e+00
-4.330905682294678982e+00
4.250891253572165240e+00
-3.159616985463656214e+00
6.458300010171842409e-01
2.035174137471730038e+00
1.455424364399138470e+00
1.447300476437697325e+00
1.102165821298613624e+00
8.193839320515103886e-01
2.380180828479382615e+00
-2.878557322164252419e-01
-3.873639886886218187e-01
-1.372703085441323800e+00
-2.823019780304194537e-01
1.967844429766330672e+00
1.270268278907443538e+00
2.503368578434995051e+00
-1.146449645768132797e+00
2.887947016529407662e+00
2.657548046573536826e+00
-4.031874793978302840e-01
6.628004010298729209e-01
-6.187002382021500324e-01
1.440562493227742991e+00
1.562488858679988768e+00
4.091851571048847447e+00
3.124912444456617866e+00
3.241089815790064055e+00
1.029482314595862036e-01
2.948218909820231826e+00
5.030815155126484584e-01
4.020725192488432853e+00
5.946576157978000765e-01
3.570387816516417123e-01
-3.685838458505188431e+00
-1.842285997298334976e+00
-1.613426082361171243e+00
4.380251587966133897e+00
9.355949789278592554e-01
3.035177527170554335e+00
6.529277009597813652e-01
-7.452821953621819873e-01
4.778068724408676360e+00
-2.182266259272338971e+00
-1.969579768166617395e+00
-2.071718711450935224e+00
9.210504815592210903e-01
1.794488669491290489e+00
-2.656460316367426078e-01
1.645105047543626853e+00
-3.237407831224194954e-01
1.898887822007249371e+00
6.669189116171587717e-01
1.089360687425558138e+00
2.044251680786514314e+00
3.637701103767743138e-01
6.994471393239021229e-01
9.595697595367477239e-01
2.987545809388831852e+00
9.331509253963599093e+00
3.359023824498759581e+00
9.727426425321303860e-01
6.448114044261578082e-01
1.108465241182320593e+00
5.426651260486597295e+00
-3.325387549908237261e+00
5.175749829586935746e+00
1.223504802480596609e+01
1.324509794839846677e+01
1.725436052621459027e+01
1.086908918493319121e+01
1.247329416336403263e+01
1.086833042346560241e+01
1.589757365479833595e+00
1.271175484263512345e+00
5.702816199038895917e-02
6.466033688410006697e-01
1.309429024442992917e+00
1.520562233846526778e+00
7.207030799519597020e-01
2.471527719180664828e+00
-1.917871654146823257e+00
-1.351335861225744672e+00
-2.170768162165120696e+00
4.429578380229875378e+00
-4.937718956478773791e-01
9.566340614924082608e-01
2.254839342053408524e-01
2.534079414244103656e+00
4.263914296559283557e+00
1.369148192208894166e+00
-4.250152595763330154e-01
1.757948802048233894e+00
1.525565866411171756e+00
9.050585025203597977e-01
7.709321313865589165e-01
9.859456038162650593e-01
2.783414071979845694e+00
2.659330349590116604e+00
2.204361921114136091e+00
1.816697722671065218e+00
-1.434963399093989178e+00
2.177346992054514097e+00
7.337296954480212463e-01
1.932496474892951621e+00
2.362959013049774626e-01
8.413715879200476255e-01
3.925863007961843287e+00
4.719718007761751544e+00
-5.996284040309163288e-01
-7.195099096371115888e-01
5.404787949166627747e+00
4.887639099599350168e+00
-8.098029545758222980e-01
2.166913572663320409e+00
1.549153102051372688e+00
1.270944271034247564e+00
1.059771260882287791e+00
1.080417910004289217e+00
1.688598094007418782e+00
-8.250513369725978041e-01
2.692870853963595934e+00
4.528026277221748330e-01
9.496673752226514331e-01
1.451642111403592228e+00
1.152518392933970182e+00
-1.092015145046454361e-01
2.309341799861772238e+00
2.505818134256956320e-01
5.584415939887272806e-01
2.827585861050495364e+00
3.652132583165832891e+00
8.424303054526181000e-01
6.293441018342520454e-01
6.892106959624713092e-01
1.099411102157783704e+00
-4.926801652826480193e-01
2.584391308478837246e-01
3.863537763960610771e+00
4.108248869785797730e-01
1.455090499816968697e+00
6.717782502621503227e-01
9.095007015010936335e-02
-1.635120373444735487e+00
-7.492005705643360880e-01
7.447047119660388237e-02
3.641392005750876404e-01
-7.399763650326357300e+00
6.315014807941760289e+00
2.723880300326178450e+00
-5.804228540642331069e-01
-2.338377216226522837e+00
-5.227265402973641173e+00
-8.521909661427761407e+00
-1.227659830744675062e+01
-1.414538772232882025e+01
1.144752865533521202e+01
6.820150345580545448e+00
2.351473311958637957e+00
-4.115896773541027898e-01
-3.004802037513514268e-01
-7.493212532653282798e-01
8.807594504196379903e-01
1.094949417312176987e+00
1.613972854628468179e-01
2.137495746902652982e+00
1.651285808686715484e+00
2.710085492563271359e+00
-1.065796186133143308e-01
-1.555209527957356785e+00
-5.024714529272324981e-01
3.651241714705495411e+00
-5.341434840436079412e+00
1.481484773575185265e+00
5.648562154408420799e-01
3.914327731460069959e-01
6.423274882625925608e-01
1.185447181241024994e-01
2.791217431274104488e+00
-2.106195770584284865e-01
-1.727877063074605424e+00
-7.282537043352617090e-01
-1.117143156017680550e+00
6.054831612750508629e-01
1.965725332389241853e+00
-1.480891530684558255e-01
1.053436145336211993e+00
4.512002238633882056e-01
-3.766893078415639584e-02
1.197479914405590540e+00
6.282267899194633465e-01
-3.000439718993330729e-01
2.362710134839976384e+00
-8.505257268918944291e-01
1.607669126330196097e+00
3.044267711214780903e+00
4.292875876666606416e-01
1.390361037497002128e+00
7.975301182357709129e-01
-1.103571231739020053e-01
-3.650785234059206741e-01
-7.560757996691478411e-01
7.332106834301242770e+00
1.343451627168557039e-01
2.947955987968593927e+00
2.207827139188321741e+00
1.326006452665240865e+00
2.700239909305367281e+00
2.373799906846802976e+00
4.244065219614818751e+00
1.806982153766965471e+00
1.057016634441282354e+00
2.113410207882584047e+00
4.063889997145506250e+00
-1.722835984783748664e+00
2.896828030608500804e+00
7.137172910228266609e-01
1.014084458618323525e+00
1.315411590505000561e+00
1.746869212780362890e+00
6.978971096677391017e-01
6.892083313570743774e-01
1.888645176101019896e+00
2.219219017641976599e+00
-4.133595209587016761e+00
1.266748255424110070e+00
7.584459870311983654e-01
1.892015317445556288e+00
9.555897958703984951e-01
8.440790333065050222e-01
4.173138503396713328e-01
1.744049275015144174e+00
2.959084088289630543e+00
5.957262592463266060e-01
1.232605361981331082e+00
2.928198666432724195e-02
1.533950810486500504e+00
4.384655263992724983e-01
1.737496963577910947e+00
1.725743707048725817e+00
1.013506257994967408e+00
2.954832402347169484e+00
-7.560469473173951904e-01
2.011688040106915043e+00
1.140269120212825449e+00
1.270797291025344000e+00
6.442718298099503471e-01
2.596631700216257777e+00
7.087056872581676270e-01
2.448813912322743924e+00
2.924736387447511632e+00
1.124361488450148050e+00
6.951049579466436201e-01
-2.166303927385666128e+00
-3.652049796719317065e+00
2.495631281893655462e+00
2.377467123478619992e+00
-5.891404637427153368e-01
1.218553175699832014e+00
3.646950752598425272e+00
3.650116105707514880e+00
-2.592090251371008680e+00
-2.406509376450273852e+00
-1.821009594980405932e+00
-2.870459685549908713e+00
-5.250642802856011926e+00
-2.168154158883305094e+00
4.555469908991242711e+00
3.126414230461249666e+00
-4.658163149270504455e-01
1.450585302754711980e+00
-2.270995276062859336e-01
2.300875614589554807e+00
4.530615567105866770e-01
1.442388417352213903e+00
9.139225019782265536e-01
2.455443538413291549e+00
1.080987977193669014e+00
7.197624954790067253e-01
2.089491044075793891e+00
6.593985222526650425e-01
1.457623546147751803e+00
-2.622182821483139747e+00
-5.396729828988211963e+00
2.229060187181636010e+00
1.424342637818940105e+00
4.501133964203796189e-02
-4.068705860189862911e-01
-3.053970271558696936e-01
1.957553442965448198e+00
2.503599602587117445e+00
4.600925395151057806e+00
1.599823736221977377e+00
1.555978761115534681e+00
-8.222994744824796420e-01
-1.270388316117273764e+00
-2.329983102795787353e+00
-1.009656340373932037e+00
3.860130885452291771e+00
1.013139232209341323e-01
2.276752884922773834e+00
1.466410748379358697e+00
2.598065285672567448e+00
1.774718904633714844e+00
2.198640123642758848e-01
-7.135947429915646678e-01
-5.058933854631397775e-02
4.260120062941165076e-01
-6.127160724390924296e-01
1.844337202125600594e+00
4.314423630881294436e-01
8.191047825771340385e-01
8.288831679657373552e-01
1.797793820553318822e+00
-2.256931549518251146e+00
-9.530917981037605458e-01
-1.125633631654043620e+00
1.888793237566921412e-02
-1.360480074996709421e+00
3.290966962402745999e+00
6.059053193849524455e+00
8.324424618385348751e-01
9.663489178943517333e-01
-1.290527701645166392e+00
-1.360991111834180423e+00
-1.031749501725534479e+00
4.069248127666425852e+00
3.309369641778285853e-01
1.403126435403193817e+00
1.230840695977635679e+00
-3.949804601529316450e-01
2.199940042005669394e+00
-8.273351438906839661e-02
2.155738619241258647e+00
5.481821542966329730e-01
2.409940002373974544e+00
-5.317259420259476954e-01
1.193644844976129660e+00
2.272200393208192004e+00
-4.024519414759328839e-01
-1.182281363064392243e+00
2.661942365529992305e-01
6.456835692873386101e-02
6.586927600553451612e-01
-7.551699392881061623e-02
9.249097226150454487e-01
2.888251561028778003e+00
5.871877497048019201e-01
6.262457825736129635e+00
-1.672652446421277972e+00
-1.351844558394563967e+00
6.854290158173668157e-01
2.335476417916047542e-01
1.790990182040183676e+00
2.613732463614291124e-01
-1.211214340085610575e+00
2.334598103952010284e+00
3.277538633559416326e+00
8.357873523592740383e-02
3.242967973037613305e+00
1.192339770247424102e+00
3.343958639917099518e-02
1.314118902172131342e+00
1.814661341901229186e+00
3.406283611024707447e-01
7.158780229600003597e-01
1.866802451694141052e+00
-4.031656360093789360e+00
-3.450844586256196056e+00
4.098286365174883983e+00
1.653611547663573322e+00
-6.858306501205180261e-01
1.088382034348196914e+00
-7.789031132743848840e-01
-3.973831681081327893e-01
6.342023700914101170e-02
2.479626024371921034e+00
9.070579222011065923e-02
5.518772692926353640e-01
2.956371115765890623e-01
1.248154697339253438e+00
2.310405601362193195e+00
-3.160865771813807790e-01
8.575712075501316090e-01
5.373941058491045197e-01
7.116110213661021033e-01
1.418191954569175461e+00
1.094263203752565916e+00
1.644300241528193762e+00
-1.153980761038835734e+00
3.072319647197436776e+00
5.907735306934814190e+00
-1.331024554161892581e-01
1.739264573066830799e+00
2.276514808675944579e+00
1.453958928886738278e+00
1.450697445756697013e+00
3.797284514813648038e+00
6.687814885670191778e+00
2.169678003516314568e+00
3.398511235826296772e+00
3.646313324205628703e+00
3.227823740988507772e+00
-7.207054595083262072e-02
-1.223570164547038708e+00
1.313462411083413883e+00
1.786204414293883769e+00
8.892899481759481972e-01
3.014304656860619769e+00
3.433800714023238498e-01
-4.461751226962265449e+00
-4.114291378009573563e+00
3.297715976911343105e+00
-2.129008839760819782e-01
6.843431420103575080e-01
-3.207060201149861678e-01
1.061870826733657402e+00
1.366975539576481768e+00
1.175273621477120001e+00
-1.847984396617219360e-01
8.662272074058396942e-04
1.266863948970712528e+00
3.383685305393432374e-01
-3.344153280290985464e+00
4.220484699218609137e+00
7.289923603873391222e+00
5.320241513720660009e+00
-2.356255663899386121e+00
8.293984203992849302e+00
8.417974291025737799e+00
-2.985198263503916039e+00
3.216565915172775014e+00
5.408566842320139401e-01
1.572809137790241785e+00
-5.418958113252725362e-01
2.771203526703305275e+00
-2.510515336749850057e-01
1.430830054446075028e+00
6.127724702864045803e-01
-2.688510429320367656e-02
1.974172015977742722e+00
1.897510736179147006e+00
1.840503979633619780e+00
1.386879368794944556e+00
-3.422781208452334578e-01
2.421815965434499063e+00
1.884970743912512514e+00
2.978443037719130437e+00
1.114305495882889474e+01
1.265960069377687880e+01
6.971036467540372428e+00
5.667828230783732657e+00
-5.727992347481417390e+00
-3.376874964056566952e+00
-8.043820909308294631e-01
1.232209986829285064e+00
2.145633105957362563e+00
1.804589592642828144e+00
3.731174481687182798e-01
4.550395251644567818e-02
3.494624387099822815e-01
5.318397000784752526e-01
1.647970080917334990e+00
1.370196569894841732e+00
-2.711176279404834411e-01
5.233886938823918422e-01
-6.108658387508510978e-01
2.476815226377918400e+00
3.565835687588950975e+00
5.402368260141443557e-01
-1.645953037846793698e+00
3.305162840963169479e+00
1.275584562717932968e+00
2.017871676775508938e+00
-5.135818143935431124e-01
-2.099957507755373598e+00
-1.411856000381386256e-01
2.564943701547670152e+00
4.967459920657359973e-01
2.394730534528820010e-01
5.180095412994541348e+00
5.710958644578258081e+00
3.860632931731756479e+00
3.182187725400580369e-01
3.802530316371485863e+00
2.811306353497436739e+00
1.863540915706609624e-01
1.350428295532027256e+00
1.318776387276257234e+00
1.269289525775489480e+00
2.068790628545516874e+00
1.302705662704365386e+00
3.120909830123491879e+00
6.772650759086142891e-01
-8.019633378131325596e-01
1.478542574420756983e+00
1.343988380417369566e+00
2.162899102598831114e+00
8.561174606223729278e-01
5.327450449624541173e-01
1.602991366468066836e+00
-1.025292007466574340e+00
1.452279136625119982e+00
6.840391193634947076e-01
4.574506652465491818e+00
4.427861719286212860e+00
-2.393201803361578506e+00
1.992680752568171343e+00
1.340474185397403151e+00
5.320595446576051879e-01
2.976922435325380700e+00
2.033052412834611467e+00
-3.015750869993190086e-01
3.401006703675036658e+00
2.767345076217256228e+00
3.018417406824398075e+00
2.192420318193867956e+00
2.351187388921513133e+00
1.434507146121329679e+00
1.789997462875676071e+00
5.092158511494471185e-01
1.401190580747115888e+00
-4.686707664867395096e+00
3.989739745504312651e-01
9.450192190585524621e-01
1.018252455563722680e+00
1.076763597902274272e+00
2.040856039516249609e+00
-5.854364433289012126e-01
-1.345173021522492007e+01
-7.212650813984575748e+00
-1.566494911638531207e+01
-1.496033395797939569e+01
-5.413379814307228699e+00
2.327142782000609422e+00
4.199762053055817734e-01
3.169980667941165731e-01
-2.585905969947130068e+00
-5.319656317824890124e-01
2.496847183816957916e+00
2.852885052222759565e+00
1.465431181209256417e+00
-1.392518233399571148e-01
1.201693495615968610e+00
5.969430097353489728e-01
2.026745779665175995e+00
1.386513416194274040e+00
2.435351734963590253e+00
2.740508770265927652e+00
4.019304105813949590e+00
5.200983643738142703e+00
4.076495214228136987e+00
3.890597245108420754e+00
6.798031857769406550e-01
9.706781938224954276e-01
3.272154999082196314e-01
2.904981781208297420e+00
1.046780912766301697e+00
-1.587411861007558045e+00
1.662722769002933809e+00
3.124620302930940063e+00
-6.980432843031820767e-01
-4.688232777940188001e+00
6.493697929356539333e+00
1.410060457867027495e+00
2.165647243561294566e+00
7.457554388461162809e-01
7.159194864441209560e-01
5.701759707213791550e-01
6.581978456490156226e-02
6.800151296234281384e-01
4.160351107510564361e+00
-1.981186035403007750e+00
4.553696644072109834e+00
1.299322117552190736e+00
6.130509895860793979e-01
2.441945615865970698e+00
-1.236776989227415857e+00
2.968103160242747673e+00
5.928823387154169566e-02
5.065467215252517086e-01
1.471572674033402750e+00
-9.771535615655646545e-02
2.926521394056867287e+00
-1.838886341697974380e+00
2.424877506306472696e+00
1.283603582513418662e+00
1.531419502191468274e+00
4.766486700393333109e-01
2.740877694844837009e+00
1.843053711548425566e+00
1.813504169852061088e+00
5.947495686107708845e-01
-1.687996646963099145e-01
8.491513744522594109e-01
2.080796113700645211e+00
6.427979929898348654e-01
-1.014229538926872509e+00
2.106917606353992056e+00
-1.998069971470606276e-02
1.726655631555907622e+00
3.020517000176468070e-01
-1.956738425138033088e+00
-1.446192508661091836e+00
9.243460003499079924e-01
1.578706589314348374e+00
-5.873772373957124593e-01
3.914238427201795378e+00
1.652453536263171152e+00
2.682779955444440922e-01
1.761828575911744243e+00
2.174035203154909279e-01
2.380198402354868570e+00
1.597405707070763903e+00
4.637574185731938581e-01
3.792446462799144768e+00
9.079138076510742117e-01
2.269436850882699197e+00
1.710971346584791331e+00
-6.318803422410614878e-01
2.420917198752930322e+00
2.346615829677662912e+00
1.259175729479582673e+00
1.643935074549041531e+00
-2.870070482859761185e-01
-2.684806278299023963e-01
4.129678620571230141e+00
4.789550634618461089e+00
2.381496616655913279e+00
2.485964983783530702e+00
4.266370304996201845e+00
5.091961718287971728e-01
1.807849124613842617e+00
1.772214018233687405e+00
1.741196358280761469e+00
1.967853837028893604e+00
2.017969779124105578e+00
7.150710053630227048e-01
1.403425974901446383e+00
8.716783008028152757e-01
-4.154306276626906769e-02
2.440811927657488223e+00
9.201417327700985638e+00
-2.513212677573584131e-01
1.610332219847162794e+00
1.487137079730328049e+00
-3.905686478602194533e+00
4.712552409712293944e+00
2.777019486569827222e-01
-9.973806945042065220e-01
9.360054975275040601e-01
-7.064670799776011645e-01
-2.012995673685586517e+00
3.870705507545235236e+00
2.450435674105104766e-01
-1.863700053553694502e+00
-1.520309163393698482e+00
-1.521417328878314601e+00
7.103019185175740713e-01
2.192989021936728733e+00
1.497754141781954207e+00
1.883104153490622323e+00
1.669790194540149875e+00
1.242701142606759124e-01
1.647934483760540081e+00
2.529879175081473086e-01
2.729478220521620813e+00
2.093076542118518901e+00
-5.738387587842597171e-01
4.242918428471375014e-01
7.427055304655942880e-01
1.463417892889771199e+00
2.903922311339754980e-01
1.103293728218449177e+00
-1.785850470782074373e+00
-5.389867496738470543e+00
-2.709821124156418293e+00
2.033387649388393115e+00
-1.559116247450414772e+00
5.239789641508489915e-01
5.994456613796321776e-01
4.451416011567645992e-01
-3.556980776680255252e-01
-1.248776047780747911e+00
9.649864349608907599e-01
4.803346982067237536e-01
1.887617041328223944e-01
-1.395161454466534723e+00
2.532443184545814852e+00
-2.523131683253971858e-01
7.341304679280946655e-01
1.067843930857291124e+00
-5.041046779918923804e+00
-1.428690385394248086e+00
1.396159901670593229e+00
1.286651690526621428e+00
1.189397138601482329e-01
7.161601943289663819e-01
5.619292626953205527e+00
1.045302935400781230e+00
-6.527341900407515052e-01
1.556644400880442536e-01
7.792100269824200343e-01
3.766229846626446331e+00
6.869472119272623800e-02
1.257233082495384124e+00
6.196957507270021148e-01
1.054461402007798476e+00
3.697552553437397638e-01
1.772675177504390076e+00
4.038403710225552778e+00
5.824778747362395315e+00
-7.536008795961910423e-01
8.476172907406165358e-01
1.793197560554203207e+00
-2.841113981817370515e+00
-2.029879159781537545e+00
3.572612307374209983e+00
7.676986138651336056e-01
1.111772857990864116e+00
2.679776743068088329e+00
1.571221100280896454e+00
-9.669296390461217250e-01
2.105024545814744297e-01
-2.107089811724621731e-01
-2.161493749995086144e+00
-2.140610983204789708e+00
3.920571681921365403e-01
7.961898799545383820e-01
1.674056135498892983e+00
2.161911876533824994e+00
7.341969110347077443e-01
5.752396629244290516e+00
1.355381474299859335e+00
2.519811801048107647e+00
-4.453850252866011772e-01
-1.016612891834566490e+00
1.559252935257525952e+00
1.897978120017868031e+00
-4.681015053694899564e+00
4.722159786552250438e+00
