1.000000000000000000e+00
1.342232467964131093e+00
1.010669737508683275e+00
-3.732032985387581103e-01
2.102573764193210737e-01
-7.143239268258766428e-02
1.113534456414333018e+00
1.473404656538798596e+00
1.460023330717513890e+00
1.842317512408723434e+00
2.040634852817479583e+00
1.630445054028333507e+00
1.639571680277202237e+00
2.082782126496761865e+00
2.070843666898481317e+00
2.004696689717619940e+00
2.758810099673851823e+00
2.925920918635055212e+00
2.532456370201593199e+00
2.554377360805670794e+00
2.619274226203698763e+00
1.790009153165520672e+00
1.831956490150656869e+00
8.141582795052360044e-01
2.178102309192748720e+00
2.418765504584831305e+00
1.703101896740413679e+00
3.931489877931782395e+00
3.883095036112903742e+00
3.684610205310338227e+00
5.970589178200969016e+00
5.879448099834955421e+00
6.804704970541672004e+00
6.261243689256803968e+00
6.238779268664450761e+00
6.514355293505967204e+00
6.809089575186580312e+00
7.202014600486278617e+00
6.040257354612234231e+00
7.094897191882267862e+00
7.591046122746336167e+00
7.967624819710109385e+00
9.025034258264359011e+00
6.890083432675250918e+00
6.700224964498913138e+00
5.128360290648251940e+00
4.222071264513381550e+00
4.124836286123998441e+00
3.908431912192218860e+00
4.404973588410570073e+00
3.749322781638280588e+00
2.421216291088217343e+00
1.587022890150161736e+00
1.340728632716923885e+00
1.380701822922821620e+00
5.699385347861876117e-01
9.441331762099131053e-02
1.122275737871133217e+00
1.201475152902867105e+00
1.252717858135427687e+00
-5.815958803761471785e-01
-7.447897261420477477e-01
-8.554151126484411671e-01
-7.709047363788055218e-01
-7.924053301559759177e-01
8.356643584673528746e-02
-2.400400327616732388e-01
2.387395924418975746e+00
1.257368514641417079e+00
6.203586347528755596e-02
-4.942994232814444944e-01
-3.969068830236841539e-01
-4.676540268627256691e-01
5.738568823008096675e-01
3.647327547346813637e-01
-8.183793445735559891e-02
-4.409395051488989442e-02
4.813498452527968374e-01
-2.718493378769059610e-01
-3.852166896088545789e-01
3.549557951497832597e-01
1.759618605510665068e+00
1.924593725138858291e+00
1.454328995027980076e+00
2.269345468194280180e+00
1.793994553442198381e+00
1.520593558930124045e+00
8.105634388610656327e-01
1.477965998502935197e+00
1.159570208871202546e+00
1.464325495000978972e+00
1.590622179872610786e+00
2.087943848150449977e+00
2.219359434269246201e+00
2.161127950943643405e+00
1.169929301481071438e+00
1.857820090730440743e+00
1.874664876241675993e+00
2.474115309643418747e+00
3.509889217735618239e+00
3.278720309030348723e+00
3.926339315836549382e+00
4.470207090407329886e+00
4.632105462302013699e+00
4.937127126444887715e+00
2.274054093345818206e+00
3.161081553588869220e+00
3.769726982541670157e+00
3.070595717232279753e+00
1.919548486731413428e+00
1.564797255406744414e+00
1.534998223304657294e+00
1.500900430860226953e+00
1.512147458395879163e+00
1.239983240625287753e+00
6.598441302524988838e-01
1.760227070824627038e-02
3.456498782422678384e-01
8.090105716401061464e-01
1.250818594113873861e+00
1.448649867350009002e+00
9.184810712290476520e-01
-1.150496019202611242e+00
-9.767356475680690764e-01
-7.780419650096451756e-01
1.284212533486495111e+00
2.698752902061599901e+00
3.429855212358326799e+00
1.768004472005089367e+00
8.722448010557024567e-01
-8.702969221131895416e-03
-1.182102508406925878e+00
-5.832468615350916430e-02
8.706442285885152010e-01
9.158271873481765857e-01
9.669897670852708460e-01
1.217929745595532687e+00
1.887130297470855034e+00
2.236185936041284350e+00
4.734001537122500824e-01
3.595383039812297121e-01
-2.863718296695886845e-01
-5.197613797916154077e-01
1.059058968996677397e+00
2.466413588540855351e+00
2.203923985545860109e+00
1.407377072158469744e+00
8.272971732765600494e-01
2.318283769310232945e+00
1.567109380736919189e+00
1.733588394965607682e+00
1.048172378959957740e+00
1.756223679923301084e+00
1.327867702337809819e+00
1.936373202374237490e-01
6.312685516521008289e-01
1.271261047952755519e+00
3.213504846707461171e-01
-5.133033646168216890e-02
-1.008252022193491249e-03
-8.074715905862529519e-01
-7.671957480877887869e-01
-5.252894965288301687e-01
3.771090715178604391e-02
2.019756550189426569e+00
-1.827129652717474073e-02
2.038010777636897863e+00
7.523752363916444974e-01
1.015265193749355976e+00
7.637364166352286210e-01
2.055715105784482244e+00
7.417928664315913689e-01
1.645534439178881314e+00
1.807832744637800637e+00
1.482967788013213717e+00
9.989164696717032221e-01
8.240703871998419361e-01
1.739329106118123303e+00
1.389159305553909540e+00
3.340894955440526282e+00
3.065249470292496170e+00
3.286960370750661831e+00
3.372637978420401694e+00
4.289387435523122960e+00
5.115256884403732052e+00
5.431468113294238620e+00
4.264311286992373162e+00
3.377734139511208600e+00
2.161655445946912835e+00
5.426383473459321927e-01
7.097298281499062611e-01
1.143041732604666016e+00
1.525963165203165550e+00
1.683380917380109976e+00
1.452824633434211421e+00
2.095281789376977954e+00
1.898017372964746485e+00
1.647094086700218840e+00
2.031894693477219072e+00
1.818914080455892535e+00
1.343922794622547379e+00
2.025982322181775430e+00
1.760279959790221449e+00
1.324183364075028235e+00
1.872808930034146835e+00
1.993703516980583457e+00
2.513618153392886967e+00
1.545761694794931529e+00
2.879518806267009623e-01
-4.058728216593905369e-01
-1.677842717886129931e-02
7.881965920442650653e-01
1.822647790643967536e+00
4.357704977919856226e-01
8.185670621243670286e-01
1.307894530395358634e+00
2.153588070680469535e+00
2.927594308894686304e+00
3.026834283994996433e+00
2.259256860288742619e+00
2.413539315053788492e+00
1.797486064219398827e+00
2.172545009546498207e+00
3.177915444556006719e+00
2.653866437030587999e+00
4.208575857153132205e+00
4.364219776626933722e+00
3.294649753469124143e+00
1.456838025878814502e+00
1.170436855302872559e+00
1.148444626656764056e+00
5.414306205542707140e-01
6.882330296038343675e-01
1.575774589837714235e+00
1.665339605937897982e+00
1.242531159250411799e+00
9.829838906699182033e-01
-2.086482214500346988e-01
2.169809197279976232e+00
1.191064254177116810e+00
6.314170878134018894e-01
-5.193162834883630063e-01
9.515264868963052569e-01
4.710971220858113373e-01
-7.170234023147774582e-01
-1.022093326288355364e+00
-2.258130920388889962e-02
5.824254973768588917e-01
1.494460208180963035e+00
2.177857967995533883e+00
1.579134077038932604e+00
1.065193749127172573e+00
2.002463724105257192e+00
2.594109963874348335e+00
1.348894142671604124e+00
8.638600068155528611e-01
4.327584881066440792e-01
2.145622782482304203e+00
1.991261669823660041e+00
1.758644666088555741e+00
2.634680137156683699e+00
1.525946811013409121e+00
2.685429779592941824e+00
1.811625809773220297e+00
1.892775868818809659e+00
5.627383579889992937e-01
4.208070104358956898e-01
8.621357330919674489e-01
1.122399911795153526e+00
5.069138122869348839e-01
5.044087402252419583e-01
1.023550184500191307e+00
8.616849380402276104e-01
3.657128006906291695e-01
1.231097176512525149e+00
3.698174401822014179e-01
-6.017843181088324833e-01
-7.917329255908107655e-01
-2.649844755321248080e+00
-3.533986465289952861e+00
-2.045957463444582736e+00
1.139697744445022920e-02
1.509289353864901706e+00
2.445605669841000473e+00
8.877714296082053202e-01
1.500416989833456949e+00
9.068785326663291180e-01
-6.311948442927464153e-01
-2.059832193020144420e+00
-1.951172842519375505e+00
-6.021220262002691115e-01
1.024094269327822104e-01
-1.117002106718317511e-01
-9.143031398927256581e-02
-1.292917858186844182e-01
4.046621424095804276e-01
7.944582732757881072e-01
1.240554902273257154e+00
1.193469592887845154e+00
1.448981795222878954e-01
7.427948888978760933e-02
3.077763574345063202e-01
-2.967219361734976801e-01
1.647772758115761738e+00
1.436033614531299518e+00
4.624993753162393029e-01
-3.436036877014327917e-01
5.533581121529256297e-01
2.046948352335004606e-01
5.203372042174752021e-01
1.718266354691184050e+00
1.708031445600390663e+00
1.704594878362933663e+00
1.567270666092813736e+00
9.338647309752903247e-01
1.331404386820697283e+00
4.954011999387869514e-01
7.129254278954522128e-02
9.084996640010334357e-02
6.790887685601670887e-01
1.622112362714392741e+00
1.539934339641140681e+00
7.547183689955574426e-01
-1.275553495893635425e-01
1.193092565352279200e-01
2.705865817658037908e+00
2.816631393048945498e+00
2.904268492764230380e+00
3.216772775734238365e+00
3.780178157566243424e+00
3.321025321326322111e+00
3.407540891388118443e+00
2.247417399232068291e+00
2.451242967150256025e+00
1.712956823449776067e+00
1.047445052356642758e+00
1.217656544749984304e+00
1.142111253850413677e+00
1.546458489146914417e+00
2.427834921551656144e+00
1.346813028143649005e+00
2.425298227704735687e+00
8.940336808471556207e-01
1.316355048694682894e-01
-3.840025346731204547e-02
-1.045523202669430274e-01
5.444956602085571085e-01
7.142518762539336041e-01
5.446697445528282389e-01
6.425784931245404064e-01
2.443401101426889710e+00
1.497951730680143978e+00
1.108111600645267369e+00
1.398125342540518457e+00
2.779887118160771386e+00
2.746645524958374107e+00
2.038025773988256795e+00
3.984612420564916935e-01
6.294970900083680654e-01
8.984301828976495319e-01
1.735825847013952927e+00
1.633495097620056180e+00
2.124169660007556804e+00
6.715606213145601799e-01
6.284680386254570816e-01
3.134446376193307793e-01
-1.370958132834280696e-01
1.006691880303734132e+00
4.069487718452072800e-01
1.063933507613538554e+00
2.263043955285890085e+00
2.341315513440319851e+00
2.182058423208738329e+00
1.897646493381053290e+00
4.518675891579237991e-02
7.585008532017160077e-01
1.183117373091602031e+00
7.170081956194619410e-01
2.047873523896341474e+00
1.798717527270042194e+00
8.932981615258717145e-01
1.373894701230182758e+00
6.145334223882327196e-01
3.369845195513911373e-01
-5.154264144701643513e-01
-2.585173899956526022e-01
-9.761479857897483736e-01
-1.193916020193034333e+00
3.881258723896621188e-01
1.105434049075375347e+00
1.140135108117374285e+00
1.446893795419290640e-02
2.345090911947310675e-01
6.404972630114683652e-01
-4.065070290434519285e-01
1.524767190423104157e-02
1.159411207057898380e-01
1.269783580767858133e+00
1.773047512044635621e+00
1.223891910206981848e+00
9.730286756060143594e-01
-4.251830195468909723e-01
7.503930338900243191e-01
5.244557197264909654e-01
9.460349860721417592e-03
1.206351080680024612e+00
3.192962742884652094e+00
3.236847907588122908e+00
3.125758075776458256e+00
1.076893666187725529e+00
1.536370120938175710e+00
1.613715293709479859e+00
2.307879695042046375e+00
2.862591618412889893e+00
2.428060739760964371e+00
1.854232281661056359e+00
1.980151475748495926e+00
1.186228912449611261e+00
1.809740900796310559e-01
-6.478546417608227470e-02
1.707463784966175846e-01
-1.852757914253294336e-01
-1.104886151390618299e-01
-6.229112365141514784e-01
-8.436466195243826904e-01
-1.423936700871649030e+00
-4.226511889731823235e-01
-5.986872029767964509e-02
-1.000504585604001129e+00
2.026559382893937666e-01
7.214754297233683111e-02
-3.234822262296564443e-01
9.889447144671037471e-02
-1.025616125659501110e+00
-6.690477168410129405e-01
-7.179682713436169594e-01
-8.855349415818039027e-01
-2.129347709670008193e+00
-1.442535620159967280e+00
-1.576371983702049784e+00
-3.717185873931019291e-01
2.304192703805345133e+00
2.972324502573405525e+00
1.380966351454621766e+00
6.247293556066398912e-01
9.370862822266834424e-01
1.587438303664804540e+00
3.074541723859114839e+00
2.430115733007252921e+00
2.572707824329705240e+00
2.085222770257054048e+00
1.117687129556616421e+00
5.624376975407205936e-01
-5.336051603516340780e-01
-3.923780357045786316e-02
1.134540215358638582e+00
2.089516945188267805e-01
2.258524022565842060e+00
2.567649269784145538e+00
1.920361038739080151e+00
1.236093030705864404e+00
1.875592707264567283e+00
1.316632310851427956e+00
1.777727455783831623e+00
1.308001038013928197e+00
8.938527011529990851e-01
8.530314559878898750e-01
1.615824117712527652e+00
1.396583743611397477e+00
1.357781810514371079e+00
7.658261016730049109e-01
9.697892346253303986e-01
1.354855291496962932e+00
1.375879367924225605e+00
6.015749012444229216e-01
4.084846348270549377e-01
1.401893796947677018e+00
1.452165528723153187e+00
1.257465472038328702e+00
2.275492025699625387e+00
2.317081079924076636e+00
3.715744268844533238e+00
4.726140831343105475e+00
3.122292410198394208e+00
2.972149132869142729e+00
1.908904016967071904e+00
1.824377998657720656e+00
1.658364963386150581e+00
1.720922002508450843e+00
4.116682138350704623e-01
1.231030143960142098e+00
2.425038335160989433e-02
1.082685872671221627e+00
8.088044894857837619e-02
1.886053793892205621e-01
-6.428888395077942963e-01
1.210438693951785272e-01
-8.405341088933688809e-01
1.300529222096250770e+00
2.160112275331727449e+00
1.036754133569187664e+00
2.774860218979695592e-01
1.675753776898979863e+00
1.688873825992632582e+00
1.918311733668584429e+00
1.212383912485607951e+00
-2.720382851726159679e-01
2.732529553677220946e-01
-4.963740303086903172e-01
-4.946557560788337748e-01
-2.563364817498858250e-01
1.674200692152095216e-01
1.697458808816566078e+00
2.247224068111005391e+00
2.730503092930657960e+00
-7.577514327843992703e-02
5.590823683200328853e-01
1.055644685139862649e+00
6.581042619870253185e-01
-7.243521026388913819e-01
-7.285979589045028515e-01
-1.928040570824330890e-01
-6.919585789529019149e-01
1.654918512662180152e-01
2.144050424852961712e+00
1.793550769779035381e+00
1.541817678503577316e+00
3.212394126151651541e+00
3.366571988184314801e+00
4.216591712073064713e+00
3.281634822321499279e+00
3.250400684867266854e+00
2.795729379151696392e+00
1.606725076161048760e+00
1.631431059205510570e+00
9.502132047147078264e-01
4.637732211586360620e-01
-3.970371502902407812e-01
-1.413512302891610117e+00
-1.145428567790749863e+00
-7.592739772302398160e-01
-2.296068458578973015e+00
-2.946846929254494540e+00
-3.321013379551796874e+00
-3.209705514877249311e+00
-2.937047499957538665e+00
-1.544624172312678789e+00
-1.556237379099881579e+00
-2.287435856041969195e+00
-2.520046060112777209e+00
-1.915276348100173998e+00
-5.370004960452587905e-01
-3.080054569394932162e-01
2.270084681657260628e-01
6.381028004335964621e-01
4.306633170163467472e-01
6.131966759417950552e-01
7.541170051598951041e-01
7.398921593022638188e-01
6.664003838785833578e-01
9.357904150660354414e-01
1.687677789548015728e+00
3.137621866967132966e-02
-5.954110387435666008e-01
2.186684120313343582e-01
6.642721270367026865e-01
1.331187557972471680e+00
9.039429647458483430e-01
8.507652905801985632e-01
3.102407906173962893e-01
1.777929327064581067e+00
7.080313157487980735e-01
-8.190202794678693721e-01
1.036892694428703798e-02
1.723134692160391168e+00
1.694333594536118204e+00
1.618722483942597545e+00
7.132246915186125635e-01
4.601474674134093390e-01
1.481268346965097349e+00
-2.195072964583379971e-01
3.859311162568559439e-01
6.423197430912899186e-01
7.616220551406653883e-01
1.636883826484356153e+00
7.583515902141816367e-01
6.640437412062784039e-01
3.479339756856387189e-01
-7.951422676783215238e-01
-1.868902914261730830e-01
1.277660694208322401e+00
1.790746810983087745e+00
2.337380668588657340e+00
2.719878970324562495e+00
2.688316140972095258e+00
3.720285717607666243e+00
3.262806696527514205e+00
1.221278596248767556e+00
8.821621833835783244e-01
1.923601672029206622e+00
1.282750373078450856e+00
-3.264063270767061375e-01
-2.483334660644551661e-01
-6.851212819883549798e-01
-5.569756338144791208e-01
-6.107109604790658119e-01
-4.346038025904949142e-01
-8.994921239047624084e-01
-1.340508263345733919e+00
-7.319331210618329475e-01
-6.241466900537964158e-01
-1.976477346750110886e+00
-8.324006917975899089e-01
-8.627859319536955729e-01
-6.390767821133451765e-01
-2.208253059954732311e-01
-5.414878803058791323e-01
4.459107305555297662e-01
4.998968832355971115e-01
4.564243427034277989e-01
1.376122387939097136e+00
1.445211024120278465e+00
2.440198504875932706e+00
2.496003876470616056e+00
2.417366262430760582e+00
2.357316198938228968e+00
2.335810841137357041e+00
1.336262382860647246e+00
1.572759216278590388e+00
1.250607383746300094e+00
4.830985162623103735e-01
1.649550573232214101e-01
8.057694075823647051e-01
3.040507519764533484e+00
3.387867146871310631e+00
1.483650363855956167e+00
2.211507436462959220e+00
2.117171630307569163e+00
1.154739598327525929e+00
-2.999571773571179101e-01
1.578940397350132585e-01
1.405457493800314817e+00
1.819315029491255231e-01
6.339442375707091681e-01
7.579570898758248854e-01
8.372687799457596558e-01
7.875568873737732734e-01
9.817599678174526723e-01
4.122883763496305587e-01
5.308314893821409752e-01
-4.123573169607130939e-02
5.636248939210721787e-01
1.883555950562543213e+00
2.804533938110193247e+00
1.557885406361305236e+00
4.695578195914513753e-01
-6.445158146386054110e-02
-2.661397806064836336e-01
-4.664673037369497788e-01
1.039316003138217370e+00
7.295339761110071208e-01
1.182977342282113931e+00
9.697761445482298015e-01
4.518442995461284806e-01
1.472839676915090212e+00
1.697394043365213490e+00
1.103491797463942881e+00
2.069663181231026883e+00
-2.353828502864083738e-01
-1.692274516940353579e-01
2.214463725376512038e-01
3.524906381895031027e-01
-2.674534045179487451e-01
8.401329307985631045e-01
7.525454508521131070e-01
1.226182546849436061e+00
1.317181551767588665e+00
4.247750685813529437e-01
8.588034407605892318e-01
-9.527969776577038807e-02
7.631377417327005475e-01
1.112983401867788436e+00
1.435696514311183947e+00
8.635495685484373407e-01
1.250792473792617265e+00
1.724677292991579236e+00
1.949081647482319823e+00
3.530989684675349238e+00
3.182540714435492024e+00
1.236894095063164167e+00
1.383968397648539073e+00
1.235698347556798860e+00
3.740275795952916482e+00
2.698750593339929615e+00
1.183852869925203111e+00
1.116355817054338395e+00
1.481208185411692746e+00
3.049770222689874632e+00
3.981461674500060610e+00
3.644541634226051485e+00
3.249310002981299128e+00
2.779557842933989775e+00
4.055515414949351971e+00
3.204432009322549124e+00
3.044797528391230301e+00
3.619432970816748529e+00
2.166558780194730360e+00
1.376021746657358102e+00
3.912085106912149834e-01
-6.001299341192782855e-01
-1.196375335771410864e+00
-1.336948279602768963e+00
-2.833506177846667473e-01
7.485702434711047903e-01
1.588273343649759806e+00
3.029853224505298925e-01
5.364289282277726612e-01
1.051654883453633005e+00
1.032504592165472523e+00
9.449722493739372009e-01
9.536384423275876543e-01
2.536523609837240123e-01
-4.171432164659695241e-01
-5.927358863815523904e-01
-7.390529266217922277e-01
-8.153058110961445282e-01
-4.530912994719449305e-02
-9.746344937384671114e-02
2.536271231355748945e+00
1.736850453977200948e+00
4.195550138362198478e-01
1.318772580874241651e+00
1.184171396230490059e+00
1.365634534857395499e+00
1.991869741177882958e+00
3.008162341620331581e+00
3.753155283699562972e-01
5.028564978125595886e-01
1.354026027416465050e-01
-8.812392810550598865e-01
-6.345482219125943013e-01
1.182145555246326918e+00
4.764129803046649458e-01
7.034215761020480295e-01
3.155573404510445545e+00
1.681450222151514184e+00
1.779633385541591784e+00
8.491199294912097351e-01
1.323682813344385645e+00
2.123030223892818480e+00
1.466274577351593722e+00
1.574571590349012284e+00
6.648970443843159606e-01
1.913105826527611519e+00
9.466072325217954608e-01
4.151808056921365564e-01
-1.759346658454171708e-01
-4.783401683531846027e-02
1.096350525163916068e+00
4.053329505129817933e-01
1.439912376856276044e-01
-4.779438197054509674e-01
-1.020470895968965674e+00
-9.987515765886322283e-01
-1.376778030845236644e+00
-1.310670585770182139e+00
-4.356726238741044366e-01
-9.380067946460352024e-02
5.844912167213158760e-01
2.024800649806020036e+00
2.402527985692437973e+00
2.439815515058015194e+00
2.764371234205090566e+00
1.151822910928062438e+00
9.811172058843131705e-01
1.007984417260781695e+00
4.112357143126559311e-01
1.599011729275992888e+00
1.654992284963328286e+00
7.487382962520600094e-01
-1.227099743414269417e-01
1.579887966317389036e+00
9.942039852091725249e-01
7.784441098403697135e-01
1.288590198949859600e+00
6.264072861210999710e-01
1.928610723558116025e+00
2.517708749875910534e+00
2.175624563540808243e+00
2.215544217729395804e+00
4.333146724505207992e-01
3.558373575455379134e-01
3.466616306319242335e-02
4.510616375911689069e-01
-2.452199518022010194e-01
4.499606345688563769e-01
1.512795253962007092e+00
2.666223553883291686e+00
2.728619452336802365e+00
9.730202477644347425e-01
-3.449434417799623898e-01
2.336851328018048068e-01
5.032549612983090448e-01
-2.785824534766270233e-01
-1.434282707208943963e-01
-5.785021357582998958e-01
-8.238927798152285709e-01
-1.247054711761880430e+00
-7.315181607445908618e-02
8.078240647801339103e-01
2.357254727103128555e-01
4.092219104956136277e-01
1.089549351020508094e+00
9.577689426143418672e-01
2.109161840550348721e+00
1.540408048418079101e+00
3.331456906367320503e-01
6.652122563877321815e-01
1.521718835395029057e+00
6.316692298675871120e-01
1.982887233392301329e+00
1.245806784756028573e+00
2.924191399153326820e+00
2.148637301149912027e+00
2.441870332366995910e+00
3.585326880110316861e+00
2.879740622383157422e+00
2.590612590242293400e+00
2.501157323245508657e+00
1.209273447869545492e+00
1.388516519404077165e+00
1.591307816093590066e-01
-7.795250487405469553e-01
-1.616627659859102728e+00
-1.281734490149969652e+00
-1.350367141133182569e+00
-1.865143393392973081e+00
-2.233242972383680414e+00
-1.238015295802405547e+00
-1.883914443015763940e+00
-1.553840417734863255e+00
-7.554443035659453853e-01
-3.022801041241308106e-01
-7.496818441769330654e-01
-1.461817940651967129e-01
7.951762570634163252e-02
1.141186716957813374e+00
2.416772426683921005e+00
1.845647081870141815e+00
-2.533474748295589940e-01
8.605115668583922517e-01
1.235528812113151353e+00
1.754839108619781651e+00
1.394314497656020668e+00
4.852027863116977757e-01
-1.599661795275615361e-01
2.052724919969053374e-01
-1.169473890552747530e+00
-1.440527479996779991e+00
-8.270582609004158980e-01
-9.137950817549180815e-01
-1.328468422820891393e+00
-4.580787542367793508e-01
7.880134056279931576e-01
1.209384745191773414e+00
2.686671012994944263e+00
2.906634131782039887e+00
2.750643290716054068e+00
1.764515211474640743e+00
1.171158346289175700e+00
3.960460732132500272e-01
-1.868799120911098788e-01
-1.106986134920681319e+00
-9.716167548837446599e-01
2.104129390437511127e+00
2.277572684420035021e+00
-6.231434545806182612e-01
3.386907485746617485e-01
1.045148960645680081e+00
1.589874865042939733e+00
1.031531908384149210e+00
1.162595754251868119e+00
5.601508870359028780e-01
8.043182303008430400e-01
1.174874157922955575e+00
1.620570572631387929e+00
1.038655213918854292e+00
1.012149721185578999e+00
5.595487982810710692e-01
7.365234049309413722e-01
1.149046925200313263e-01
2.409510211965678828e+00
1.859139256468112844e+00
1.867408754824916750e+00
1.965731455673647154e-01
4.479514010423323866e-01
3.448108740596764199e-01
3.685180706463283551e-01
1.045353364308738930e+00
4.670432818745791081e-01
2.525110398464251560e+00
1.607938473314881822e+00
1.434168819546802975e+00
2.838627574090582417e+00
2.740477794408523682e+00
1.628314401315808846e+00
1.021940444626488143e+00
1.548457524800734397e+00
1.098381725262934872e+00
5.551751635214812186e-01
4.925805741224683620e-01
8.325492001747338833e-01
1.618399227298810361e+00
2.942120763572051434e+00
1.270884660575009928e+00
2.424012581672515321e+00
2.177417199891491961e+00
7.349684439870505237e-01
5.933149427830850531e-01
9.544327358297901576e-01
1.617515115470403053e+00
1.204852543968558898e+00
9.881364499274415403e-01
1.330043102613251982e+00
1.412414235943512786e+00
2.648060394353366043e+00
2.238865317663934817e+00
1.340360360704821563e+00
1.417493621524223535e+00
2.186362762036583973e+00
1.786144025841965188e+00
1.929674417777577089e+00
1.914200774834400098e+00
1.939511031106662342e+00
8.528399503461752129e-01
-6.773915847537992363e-02
1.008170387667424395e+00
5.072473295083148592e-01
-7.062909454465271519e-02
1.566586905857206280e-02
-1.237875537681466076e+00
-1.767301826341458160e+00
-1.093190573853116687e+00
-1.643179141648579700e+00
-2.344513389626821542e+00
-2.224279075182052701e+00
-1.296395191347929909e+00
-2.127279245875020930e+00
-2.838574160272335778e+00
-2.047610388137369952e+00
-1.207428359501158566e+00
-1.645171384465344389e+00
-1.552575469419909426e+00
-8.440330770461091925e-01
-2.312239933306101669e-01
8.627503281040811434e-01
5.370230746765276564e-01
-1.579794164444378035e-01
5.272562902629361892e-01
1.253685314498239611e+00
1.413305072389133832e+00
1.661183771858514291e+00
1.894654214715282503e+00
1.311510281705176251e+00
9.660110330543278945e-01
1.860872511967889942e+00
1.953866363782312821e+00
1.678116446214978241e+00
1.093631747117545849e+00
1.079612547530112598e+00
5.192297779016818993e-01
5.619958513731939664e-01
2.009091670892040327e+00
7.957808592400676950e-01
9.304756185970750604e-01
-1.984639022018621635e-01
1.429233407519603372e-01
-1.652421284043922856e-02
4.934581387207658265e-01
1.346654805950036504e+00
-9.952751470400742484e-01
-9.515242478536075632e-01
-2.579082717668679692e+00
-2.211971428544567964e+00
-1.405122766416728064e+00
-2.453121752426373980e+00
-1.528714089163552670e+00
-8.275910855441542813e-01
-2.387201740281915008e+00
-2.860378668789339329e+00
-3.650016454792617715e+00
-5.506078807462282398e+00
-4.743728069696779848e+00
-3.632735001779813011e+00
-3.128711747835898116e+00
-3.449824854447094413e+00
-3.418372700660729624e+00
-4.145309345584119676e+00
-3.287093039036410147e+00
-2.498850269477069119e+00
-3.938125538113674828e-01
