1.000000000000000000e+00
9.935390992981817382e-01
9.841124727653689508e-01
9.990678404572124194e-01
1.002581350456611897e+00
1.004445987823249231e+00
9.877944377761941341e-01
9.995680692973233361e-01
9.985880356652302448e-01
9.778866108143501323e-01
9.868043568613230621e-01
9.958185896825351158e-01
1.003921363445285486e+00
9.959443008877139070e-01
9.870308041525343024e-01
9.892967823806605443e-01
1.007297826784232075e+00
1.001907188192289855e+00
1.013852197213424233e+00
1.014709749369003822e+00
1.019077564288075832e+00
1.004283062260171056e+00
9.904150881072185664e-01
9.872371164860866966e-01
9.796349279087123163e-01
9.611069858351541928e-01
9.695684762259275669e-01
9.642512169650445664e-01
9.691259713137949650e-01
9.627657130002434949e-01
9.493372206858043949e-01
9.323925902345248096e-01
9.380304263331289416e-01
9.368529705168193722e-01
9.335403635808257050e-01
9.194807824023287779e-01
9.182096874272955844e-01
9.368631549376028600e-01
9.351645370686753056e-01
9.446899545312008595e-01
9.396693659207487892e-01
9.329314379171721461e-01
9.308357548952498339e-01
9.111099346947423294e-01
9.005159644006668351e-01
9.001371745631869814e-01
8.971362079865131678e-01
9.158177708137004158e-01
9.103873768866753702e-01
9.181169926314834973e-01
9.150305104272583590e-01
9.207094275455657284e-01
9.129209305702659094e-01
9.046843592553870383e-01
9.066270616709021235e-01
9.123544944537205215e-01
9.104492358825708731e-01
9.163168755055011161e-01
9.318757922476175182e-01
9.305438759225445056e-01
9.253700732170403453e-01
9.166034415835978555e-01
9.155097736734977287e-01
9.268229363897844131e-01
9.285140188617806434e-01
9.216585541929273040e-01
9.220628863925328655e-01
9.312373710211733213e-01
9.130893584138085606e-01
9.081387014105974931e-01
9.061108532294189777e-01
9.005400830664360701e-01
9.014970300229258049e-01
9.022998447840490099e-01
9.067073911477371295e-01
9.102642024110858543e-01
9.155968284582627348e-01
9.098007867176104435e-01
9.077043823786107302e-01
9.233533857662674649e-01
9.203703381005863271e-01
9.364819193336612058e-01
9.441246333463013674e-01
9.658718147528329023e-01
9.654443974005065821e-01
9.689374244540429615e-01
9.680015577817105976e-01
9.755928446001090881e-01
9.821480760928943399e-01
9.893963808736893073e-01
9.851671536376337412e-01
9.777720506659187683e-01
9.733948396826485050e-01
9.575984052073209796e-01
9.589649933239370316e-01
9.546608539658001380e-01
9.678446856333005055e-01
9.622445935712863330e-01
9.634931906392401046e-01
9.660532599550764044e-01
9.691007119333774344e-01
9.576206011373618043e-01
9.552306277297261117e-01
9.570652990206321986e-01
9.578294960372847333e-01
9.614430515690526313e-01
9.696585754270860003e-01
9.585293514353037114e-01
9.682438476959080997e-01
9.618328676680896194e-01
9.725245392640358144e-01
9.833094954222335593e-01
9.821251512268154293e-01
9.709488357828182092e-01
9.647806857059010310e-01
9.612969297269393643e-01
9.612434836471104305e-01
9.449047349216090907e-01
9.493898467845535150e-01
9.430570804705864507e-01
9.339676570133307321e-01
9.521797606994414354e-01
9.381261954998598718e-01
9.454139061487764062e-01
9.366003041380811522e-01
9.439956876442767708e-01
9.382284534183059632e-01
9.362874916490457888e-01
9.410371479422343644e-01
9.456665131087350629e-01
9.413826771773688984e-01
9.387918634672157703e-01
9.402491163113303463e-01
9.473426516512936102e-01
9.457011083942969965e-01
9.568248441941508142e-01
9.583318052884237659e-01
9.472565519294746661e-01
9.480377093865005600e-01
9.381723190065991425e-01
9.287221346156461221e-01
9.270993272545442476e-01
9.402448171922975773e-01
9.300137648233258725e-01
9.401336840412258811e-01
9.524105710002925829e-01
9.539017164410533711e-01
9.456714300757177449e-01
9.315422678904052844e-01
9.358499199379178846e-01
9.366921280085634960e-01
9.345504057060251002e-01
9.332941047887967079e-01
9.360275948819390957e-01
9.310789427259292816e-01
9.116699289427380171e-01
9.093751631588012918e-01
9.266987170914630090e-01
9.321367485423006638e-01
9.377277775837304929e-01
9.400476453160270252e-01
9.187859997550480440e-01
9.273942253800091517e-01
9.317402809139511133e-01
9.402142114879663559e-01
9.395182424783899977e-01
9.320495742168420916e-01
9.263353292823903740e-01
9.201945152358145252e-01
9.194559635564862887e-01
9.121643003569936958e-01
9.184038936755253291e-01
9.193090503681851100e-01
9.327784458057487571e-01
9.391462590514679798e-01
9.454641606025315781e-01
9.592862499031500345e-01
9.674085266920953163e-01
9.869845676003068391e-01
9.868573829278630694e-01
9.802169582447034513e-01
9.795639046042697862e-01
9.893539046015812355e-01
9.971453839151152021e-01
1.009103073394641559e+00
1.015500357651442753e+00
1.006819002909562943e+00
1.014844722378085207e+00
1.015187297847792047e+00
1.013658297221771143e+00
1.001985810466079707e+00
1.003889893355603968e+00
9.900913249568912278e-01
9.670571303848407574e-01
9.764054456714046371e-01
9.691949809363038515e-01
9.672998967078338950e-01
9.733727434929023703e-01
9.734993681241231878e-01
9.764789017280359751e-01
9.840057515225624218e-01
9.695794111238845714e-01
9.598649337713410779e-01
9.527969914540126428e-01
9.504112164272949803e-01
9.420374475504892375e-01
9.362591092795480296e-01
9.307237564457019330e-01
9.341234716647908165e-01
9.556012938996691908e-01
9.513167683114842621e-01
9.374641529439675658e-01
9.296678744562978380e-01
9.237664266338487806e-01
9.187342720370339499e-01
9.216794738934621645e-01
9.257071678068545806e-01
9.151587179030278296e-01
9.023421803153203191e-01
8.906233830166121468e-01
8.883360919720802995e-01
8.674625985626345237e-01
8.850876598192342071e-01
8.920444098984178227e-01
8.920559088347340682e-01
8.926824093538960891e-01
8.883715111179645296e-01
8.674642558507202894e-01
8.659739862216212503e-01
8.911390504950350566e-01
9.022255042315047158e-01
9.070589288855355203e-01
8.958030423159160094e-01
8.853308053599047156e-01
8.656164245989519390e-01
8.562953545438483083e-01
8.583904250573537453e-01
8.369492231815043315e-01
8.253119875075493050e-01
8.310164071213292925e-01
8.192221621275261878e-01
8.066338979827685218e-01
8.143260036922855827e-01
8.160801976835656557e-01
8.250708801410961968e-01
8.268674677934356732e-01
8.204729591456293436e-01
8.193156666441959723e-01
8.188133602231153496e-01
8.063599956144655856e-01
8.058340731116264699e-01
7.986500264594765808e-01
8.021877055794665035e-01
7.982166618065604791e-01
8.023046927002763784e-01
8.116816526416573696e-01
8.054301976908313510e-01
8.082743593111829661e-01
8.017313503392401453e-01
8.174537774564285542e-01
8.305823990707408289e-01
8.384490511897858545e-01
8.476031434257340624e-01
8.405087005087397145e-01
8.322513227819169357e-01
8.285344437436815701e-01
8.412651143602528636e-01
8.600805614259297016e-01
8.479100782671022962e-01
8.511619759893249704e-01
8.507712168411803999e-01
8.550511499216061351e-01
8.521355676655918421e-01
8.578106882863671956e-01
8.632582353679657539e-01
8.515225497478884353e-01
8.621698123919656620e-01
8.550044393634521622e-01
8.524346488744176664e-01
8.559460132567280333e-01
8.505702087516467946e-01
8.543534028785038092e-01
8.634029833306831048e-01
8.679752649761457439e-01
8.667394900347091813e-01
8.451020182438748751e-01
8.460654625947604535e-01
8.628601635294722572e-01
8.635334272479561202e-01
8.678767450021251939e-01
8.630972921122506136e-01
8.465394449127638943e-01
8.493487037016768104e-01
8.415217586161095609e-01
8.498969841498826838e-01
8.694874878590035383e-01
8.793979482833952366e-01
8.711496852662724555e-01
8.649639306118565019e-01
8.681880675599665809e-01
8.594084489614068900e-01
8.401807831046135266e-01
8.511923749616503443e-01
8.553792596995833941e-01
8.591548044471755130e-01
8.805713338844978200e-01
8.793102229605449516e-01
8.919283389784677940e-01
8.916514675187603434e-01
8.931947752285736009e-01
8.827423746967650864e-01
8.968888135832291386e-01
9.036481007656188558e-01
9.039453233313291536e-01
9.050763950426727877e-01
8.995280902988067595e-01
8.997524940110182001e-01
9.046467637386514937e-01
9.221000693497473089e-01
9.057413912882892326e-01
8.956476535388820936e-01
9.084043373192416393e-01
9.233425828872668939e-01
9.321647595462519975e-01
9.291516130363405290e-01
9.417516860814822977e-01
9.454502280301592121e-01
9.332019751225986148e-01
9.243976315040691727e-01
9.233318989342909067e-01
9.253912601749552103e-01
9.408748765265798619e-01
9.355298914715548531e-01
9.338404051806137307e-01
9.225324640750881544e-01
9.222980079412435028e-01
9.019064298739739582e-01
8.986037188680242593e-01
8.955118400951891378e-01
9.013679960846323613e-01
9.217649727784397173e-01
9.256435713265467324e-01
9.169000453022024821e-01
9.127067636484664792e-01
9.138317680061416315e-01
9.029550192336401881e-01
9.064743890390348779e-01
9.120728383671308226e-01
9.053718126537760869e-01
9.169448292445795401e-01
9.227806363521124933e-01
9.200772979127752604e-01
9.325525678366706206e-01
9.358209130671203413e-01
9.504385641514785377e-01
9.529679683075810148e-01
9.519504944840058158e-01
9.643608784643332710e-01
9.654297921828282059e-01
9.746410546399553176e-01
9.748602624210457313e-01
9.845893965037805229e-01
9.850002726620318283e-01
9.931719133613332584e-01
1.013119183608086171e+00
1.004083693127671539e+00
1.014033884998817747e+00
1.017755305739327820e+00
1.023916099073571617e+00
1.039105673868637059e+00
1.029782005740245365e+00
1.035129517058799298e+00
1.016904352576770032e+00
1.013650465944293311e+00
1.024155536151179602e+00
1.029358312010881793e+00
1.023636617325182963e+00
1.042253223016222474e+00
1.027973737239888496e+00
1.030772068138123165e+00
1.044468822093771010e+00
1.034610366409280502e+00
1.025722412194098876e+00
1.027181393960118871e+00
1.029078039146640311e+00
1.029859957236453072e+00
1.011740545804309388e+00
1.019730109365769799e+00
1.024857013114083282e+00
1.026874599463227566e+00
1.012626688449356660e+00
1.028677902992839011e+00
1.023697022156492054e+00
1.034968640450911082e+00
1.042337624392605244e+00
1.052794274513032757e+00
1.064650764886278189e+00
1.063698215848871698e+00
1.071955462208685095e+00
1.052636852899001996e+00
1.045799490204685434e+00
1.033405668562040081e+00
1.029165729269992724e+00
1.035917679881302345e+00
1.038463493124973880e+00
1.024483744864016055e+00
1.022948966013397465e+00
1.033023695556930299e+00
1.032249936247777500e+00
1.040617260584185688e+00
1.041776514693367295e+00
1.047934122009859470e+00
1.049881870344930190e+00
1.057187184817860226e+00
1.038498081765157677e+00
1.045924077675117081e+00
1.064286314744582462e+00
1.066005131379221593e+00
1.049824927658778995e+00
1.046404585675587695e+00
1.040480011018928508e+00
1.043095345726096079e+00
1.050615388580609544e+00
1.045303328237712215e+00
1.065959689838466451e+00
1.063958911595277002e+00
1.066454123275371257e+00
1.060503173587376669e+00
1.050823117993148870e+00
1.064448196681804459e+00
1.081165305600312987e+00
1.083088833404144857e+00
1.089335023276029712e+00
1.082269542472706680e+00
1.076482239592374546e+00
1.082292544683861379e+00
1.101508200350372668e+00
1.111301861637404631e+00
1.106878604155214108e+00
1.109799734549105521e+00
1.092332931557983056e+00
1.087809736988184506e+00
1.089436022576829810e+00
1.098038253543820009e+00
1.093518035892852458e+00
1.109292786606635772e+00
1.111004566973629482e+00
1.110357504566359399e+00
1.121856496863923969e+00
1.118444953122135654e+00
1.124229184867466147e+00
1.112738678086651278e+00
1.107787470469549174e+00
1.103121247361402713e+00
1.111301663968601305e+00
1.111336518942602103e+00
1.126048619680329654e+00
1.126933959016179987e+00
1.138887970550197748e+00
1.143926462516145603e+00
1.144776589604474148e+00
1.141595121159438841e+00
1.143586234043673100e+00
1.147808090194700981e+00
1.140794202002088031e+00
1.138613511614929408e+00
1.126931427889032111e+00
1.120244827001793064e+00
1.122270836715832942e+00
1.126377036575992641e+00
1.145137473661090421e+00
1.150055767139618546e+00
1.156724736642933848e+00
1.154884535207475249e+00
1.163907808737393745e+00
1.140038192229574143e+00
1.146825831603318857e+00
1.148839073426864310e+00
1.147760935350268907e+00
1.138275955783327964e+00
1.124117429972280258e+00
1.111463631476194314e+00
1.104570578430642547e+00
1.092789180845684660e+00
1.087314648076524781e+00
1.103317860051866051e+00
1.106826742107438033e+00
1.119500229154724913e+00
1.105514455564911902e+00
1.106046937019977028e+00
1.092525509418612373e+00
1.101074331422063901e+00
1.096092152754177151e+00
1.106610216487794229e+00
1.109856083941972438e+00
1.111980005048666342e+00
1.107789043733948819e+00
1.093654824638242484e+00
1.091613556177107425e+00
1.097295398047169579e+00
1.099992375554065704e+00
1.070392177930470368e+00
1.047682021985311351e+00
1.056918260427353706e+00
1.051430815279966069e+00
1.045621772139160299e+00
1.059344156137600690e+00
1.052299551596726390e+00
1.065328493509570151e+00
1.067638304490094558e+00
1.059900525750050004e+00
1.077473748921511598e+00
1.070762523641435759e+00
1.074161766005184315e+00
1.075590562680644791e+00
1.103014363933866093e+00
1.113355535742226676e+00
1.123850193243071782e+00
1.132726609273046581e+00
1.129591954424135070e+00
1.118558045158321690e+00
1.118551988204133263e+00
1.119515096910741692e+00
1.115139968403817239e+00
1.119717774263736532e+00
1.128332344882955196e+00
1.119916925202243174e+00
1.132694355802846387e+00
1.119409312823139047e+00
1.106858722433005315e+00
1.104266838575024723e+00
1.105108951902616488e+00
1.098676880958420865e+00
1.108142874845366554e+00
1.104279387945257263e+00
1.113209286102247786e+00
1.097181663277552399e+00
1.099593325273602762e+00
1.096257376421018837e+00
1.084081043965970048e+00
1.085208553097516848e+00
1.099015326530379477e+00
1.097766460092186591e+00
1.098812244576824471e+00
1.085894417415161906e+00
1.074841219530586089e+00
1.099590323587770868e+00
1.097516476245945283e+00
1.073872081687458735e+00
1.053307516306137170e+00
1.046052168691613549e+00
1.043775494194500775e+00
1.042407690319214097e+00
1.041799046020867481e+00
1.032012909168700254e+00
1.047320077552101214e+00
1.041346595768982253e+00
1.026132034081391975e+00
1.041236061318585371e+00
1.039681426486958049e+00
1.055095112341755348e+00
1.068941211205060915e+00
1.071932150418321239e+00
1.079379759294469610e+00
1.080322769255231519e+00
1.071972215225417191e+00
1.054787164048700099e+00
1.051330358569866341e+00
1.041624490876125186e+00
1.046711281273537519e+00
1.040187845641305842e+00
1.042647502908795598e+00
1.043198540035353616e+00
1.037760475300525842e+00
1.027008077382572271e+00
1.018045673592714806e+00
1.023524311444753421e+00
9.977685937174740616e-01
9.937008598119797531e-01
1.009905405981303961e+00
9.995152817577536153e-01
1.001606742733303523e+00
9.937508684593343578e-01
9.966340215902456112e-01
1.000764790200442844e+00
1.005337206049337295e+00
9.891048413504472947e-01
1.002670289492767264e+00
1.003525870402960596e+00
9.826267357650899648e-01
9.817429352406791265e-01
9.787490574412519573e-01
9.857219457378550986e-01
9.770362544462665166e-01
9.840057516087906686e-01
9.784770543268307419e-01
9.797629589342728984e-01
9.870270591788214976e-01
9.932459927429625468e-01
9.976778730563797826e-01
1.018344836204992054e+00
1.009255515036144857e+00
1.005082743786150701e+00
1.014300949328598156e+00
1.020407313589818399e+00
1.035586234685900830e+00
1.036458770078755087e+00
1.028590053556384776e+00
1.041178722755653041e+00
1.052306143688980455e+00
1.057287592045151436e+00
1.062537459393863015e+00
1.073443429138031036e+00
1.085453463297376686e+00
1.088938157645903848e+00
1.084126255349640244e+00
1.076026254197103516e+00
1.081395860559457800e+00
1.077981901120930841e+00
1.073949900233739596e+00
1.072569961412247697e+00
1.057678356913220874e+00
1.085352525795868939e+00
1.097947543689728800e+00
1.097277202375893213e+00
1.097157613830243239e+00
1.083897369336012328e+00
1.071341485559288431e+00
1.062247559323077351e+00
1.062320725485159434e+00
1.064881387733604745e+00
1.082316500790441172e+00
1.080870308930059087e+00
1.099684075020891605e+00
1.094476665843642671e+00
1.106368144725646818e+00
1.091782778761049011e+00
1.083578728295309546e+00
1.078336747030601339e+00
1.081923220301533206e+00
1.083680088727173807e+00
1.083126147107185799e+00
1.104803022481988695e+00
1.098038817984750004e+00
1.090532596514490304e+00
1.099995010436534582e+00
1.085862973877838700e+00
1.090676530155812562e+00
1.098883462924717724e+00
1.101353868983171225e+00
1.107573265029905496e+00
1.101435292240610098e+00
1.102487376709565536e+00
1.103625032909118397e+00
1.110090862732061590e+00
1.107672046113567399e+00
1.116748161272325346e+00
1.110190456968917383e+00
1.100442322689808794e+00
1.093601706105296500e+00
1.132847327100761525e+00
1.146778635509158928e+00
1.161845733618973364e+00
1.158834943799598838e+00
1.152189542558825774e+00
1.146486636156772265e+00
1.143849675658292320e+00
1.133897221012605261e+00
1.146120269384100387e+00
1.138021532472576203e+00
1.143860304782676085e+00
1.143433905200591516e+00
1.133124171052968476e+00
1.130601654923286903e+00
1.133658634064212523e+00
1.121759458141254884e+00
1.120711063786318684e+00
1.129603017736817483e+00
1.119299635886950695e+00
1.131230813669980906e+00
1.150527059720256595e+00
1.163494263360262293e+00
1.151865570817300677e+00
1.148303247515351622e+00
1.164271491996642816e+00
1.174025905452263041e+00
1.184849187996184883e+00
1.185672601482266719e+00
1.178167711150188701e+00
1.185636411022118475e+00
1.173275011596888628e+00
1.182882283600146023e+00
1.166832445802741258e+00
1.160406561269416548e+00
1.159443892094073725e+00
1.151083112966929001e+00
1.137745238545095683e+00
1.139770213740550542e+00
1.152606379931178315e+00
1.153937059082438710e+00
1.156061322076424425e+00
1.168346230335175484e+00
1.172325830939769054e+00
1.173119341043678210e+00
1.175211663543036744e+00
1.163954457349868132e+00
1.153806884555411916e+00
1.153278977626581270e+00
1.160903107638101783e+00
1.179259177234382561e+00
1.182797524978203452e+00
1.188959094313488007e+00
1.178262718149258204e+00
1.172172785968031761e+00
1.193114543398183791e+00
1.196683957884382421e+00
1.195490136357188815e+00
1.187022349098320717e+00
1.196011438193336662e+00
1.187527639794437873e+00
1.186817113660854517e+00
1.177163580205038862e+00
1.166657262829101649e+00
1.176378778397484393e+00
1.178512033916645718e+00
1.174851507467315814e+00
1.186854126226162487e+00
1.204084816299191063e+00
1.204023738494495843e+00
1.205009986530068300e+00
1.204628429752249152e+00
1.210247221309144194e+00
1.197021345327521358e+00
1.201113505131292669e+00
1.193584392535689265e+00
1.195902024005599529e+00
1.197236899036230762e+00
1.211212398085047770e+00
1.187144912649631401e+00
1.182159316543343275e+00
1.177061100751669365e+00
1.171108631965304347e+00
1.174879689201876465e+00
1.164541750313550006e+00
1.164708976699052601e+00
1.155485397660384939e+00
1.158540998932737986e+00
1.160051364117646644e+00
1.166496794110994495e+00
1.170522011739590473e+00
1.166623025356889221e+00
1.172108684877363194e+00
1.175498995611370834e+00
1.162510546442667048e+00
1.171657243540163984e+00
1.175394476565751356e+00
1.165194851507021845e+00
1.157713835594809559e+00
1.168557988283219329e+00
1.166862432036344099e+00
1.148032769276749798e+00
1.160420811070009162e+00
1.155991722873569216e+00
1.158471404148318173e+00
1.166565419871495202e+00
1.173938355244185328e+00
1.169291440202668397e+00
1.174968704600758196e+00
1.179604738560361188e+00
1.164687214347616351e+00
1.178279481526254058e+00
1.163996677681488956e+00
1.151960163777858259e+00
1.170241728464193720e+00
1.178498835531523348e+00
1.183191320992813766e+00
1.153317034994129298e+00
1.139586888983636026e+00
1.156234109031423429e+00
1.154378710075622649e+00
1.160546446516920627e+00
1.167287571762524845e+00
1.179517582424370437e+00
1.200035203473214684e+00
1.205979904902400701e+00
1.200037690132750079e+00
1.197654977273385990e+00
1.192523775256710827e+00
1.221165074343382395e+00
1.189728955079095041e+00
1.184538789643647227e+00
1.195035741867984891e+00
1.203770340136223860e+00
1.218847556896200057e+00
1.221563818949404245e+00
1.218799919717745928e+00
1.197208416662821628e+00
1.192626308119060452e+00
1.205774312758101985e+00
1.223570939256209300e+00
1.220824847285323811e+00
1.231534598165666461e+00
1.243018538361156278e+00
1.250011146616520685e+00
1.249114530419900060e+00
1.243636042200232827e+00
1.235336502425510741e+00
1.235655601964268602e+00
1.242070314832580236e+00
1.235997392839585096e+00
1.228527698516548528e+00
1.243880249625116008e+00
1.230143515786717989e+00
1.232724844221792404e+00
1.246224801765861701e+00
1.259236157549924462e+00
1.247602473194630468e+00
1.260333515298987628e+00
1.266842472670411057e+00
1.256962512281207367e+00
1.272814083014127906e+00
1.263099538242482112e+00
1.252212165417009082e+00
1.252226831642225813e+00
1.255927545370218557e+00
1.256374891499205004e+00
1.250614033176341122e+00
1.246814604165584539e+00
1.235966676064834235e+00
1.234569155255622830e+00
1.233266658346031663e+00
1.242580560368034659e+00
1.256005118271497301e+00
1.255517256898015299e+00
1.250078366812707564e+00
1.249837764244436489e+00
1.239817962105344229e+00
1.227485456596908664e+00
1.230372273161777885e+00
1.248611962408356479e+00
1.237703791793504760e+00
1.230508461961447475e+00
1.235819033712605819e+00
1.231544364245522161e+00
1.231095072124846146e+00
1.249571884210309181e+00
1.239384954764473967e+00
1.244555526235588738e+00
1.240013031857271297e+00
1.254817995799320629e+00
1.272117753867734624e+00
1.265240888342299641e+00
1.269442259560530584e+00
1.264769711144650755e+00
1.260495113815331303e+00
1.250254362911459305e+00
1.249993903814285545e+00
1.261618155684425480e+00
1.267134482902956050e+00
1.253578865926607389e+00
1.262581999883513717e+00
1.258722847978025472e+00
1.250816641551402375e+00
1.251800264479913549e+00
1.270240770638591421e+00
1.271277222314519229e+00
1.280923238892546001e+00
1.281028023143131467e+00
1.288107492441351809e+00
1.273691072858986306e+00
1.275178489884329247e+00
1.282044260693721682e+00
1.282366089509559659e+00
1.293560971261852544e+00
1.307295055337941214e+00
1.320381220570105540e+00
1.325083789757881325e+00
1.318593576512523402e+00
1.325216439680849678e+00
1.332887391646159436e+00
1.342191266665703209e+00
1.333721421988004252e+00
1.334314645886664374e+00
1.335857933547019760e+00
1.348008679222803874e+00
1.329758577294265054e+00
1.319670706203514232e+00
1.316522939898696620e+00
1.311891821155321214e+00
1.306528114663991103e+00
1.306764694182786624e+00
1.298619503884333337e+00
1.290604517817536934e+00
1.299704004438129612e+00
1.298773437248506246e+00
1.294155149741523569e+00
1.298694857545276804e+00
1.322089137732878505e+00
1.325992491616639235e+00
1.317395869021303900e+00
1.330978301761862159e+00
1.309773944683351843e+00
1.310096418218514192e+00
1.319382430516194304e+00
1.320797760326036352e+00
1.334673952092721105e+00
1.337872864420165175e+00
1.322542093099962068e+00
1.316131978233656019e+00
1.330099251563312546e+00
1.331889587205410397e+00
1.346933487292450327e+00
1.361077232178867558e+00
1.376639931762872582e+00
1.370220711994269536e+00
1.364769693569275244e+00
1.363962590526628160e+00
1.367081708348969915e+00
1.378034498514094874e+00
1.372948636819692814e+00
1.394247065698570598e+00
1.367245756767187626e+00
1.363513764731343780e+00
1.345125000385495095e+00
1.317955507135462723e+00
1.316313219019521030e+00
1.290717919339941844e+00
1.284273146197624227e+00
1.285934050312353527e+00
1.300735465034825733e+00
1.306111899259980502e+00
1.313039760987144255e+00
1.314353967193180317e+00
1.316545756628810793e+00
1.304706160222520950e+00
1.311472658653957346e+00
1.307334257072176653e+00
1.297159784340973232e+00
1.271539143420800100e+00
1.285495915167687686e+00
1.290976146726007912e+00
1.317334409717238142e+00
1.317132970966701455e+00
1.315940525425633778e+00
1.322841236273252452e+00
1.301358156629031093e+00
1.296432315119146139e+00
1.286534834744970102e+00
1.277714059637846233e+00
1.279316746806438365e+00
1.281430475187576690e+00
1.279340654090939999e+00
1.276012292015672012e+00
1.280147175392560843e+00
1.289436075411886540e+00
1.304500015684805225e+00
1.321248649656090235e+00
1.321694519033313808e+00
1.324290711968396872e+00
1.322697547509418481e+00
1.298500709912024043e+00
1.287206798117337403e+00
1.316198425431313490e+00
1.318138102731291061e+00
1.318159576762782059e+00
1.312653718467091446e+00
1.302977176613579813e+00
1.287380095121391843e+00
1.292936515666685882e+00
1.306174881275277144e+00
1.312498561818247644e+00
1.306288822940674610e+00
1.292669629232248374e+00
1.298546625858488790e+00
1.297875778986113282e+00
1.309509990492556453e+00
1.333905283719585055e+00
1.340418405583551742e+00
1.349233769694622165e+00
1.355212548301256259e+00
1.363554792881344069e+00
1.364548489472941384e+00
1.380345691968601685e+00
1.393350920045868913e+00
1.405476608694306684e+00
1.407328138044750432e+00
1.404829341414972843e+00
1.401582274714504583e+00
1.404889645738375492e+00
1.412645159541515261e+00
1.420267512793319753e+00
1.415337262073248947e+00
1.410628662984501736e+00
1.422219955452688867e+00
1.421673043323235186e+00
1.419222010018836633e+00
1.410897915309193174e+00
1.408803366929235690e+00
1.410007044828540002e+00
1.382503151095549665e+00
1.370333092455084278e+00
