3.000000000000000000e+00 1.000000000000000000e+00 1.000000000000000000e+00
2.788128213225172125e+00 3.688433072719472516e-01 4.869882260300977261e-01
1.624810464608793970e+00 7.839724396943064111e-01 -2.376738244747045314e-05
1.814257094556926075e+00 1.598406399391360200e+00 2.980303594811227752e-01
1.672037489873289484e+00 1.272744561132045149e+00 -1.470115769928186378e-01
2.477707385303625109e+00 4.377969634011976696e-01 2.276632790123552796e-01
3.098490247947913723e+00 8.988058403258938345e-01 5.765721448470894073e-01
1.646315873178062272e+00 7.647491653867571904e-01 5.634329971884876054e-01
1.269584154325058556e+00 7.849052083816814296e-01 8.255698252291669981e-01
1.246668957044513970e+00 8.603931569327484263e-01 3.210820944021567369e-01
1.368017206363816296e+00 9.239498365645280042e-01 6.131584820216933185e-01
2.307819687224255123e+00 1.106387201798931352e+00 5.647185009282946755e-01
1.331409973678097103e+00 8.128522547863068493e-01 8.717155587137701556e-01
1.349511711391486291e+00 6.905420529660674100e-01 9.970490458377969656e-01
9.643334980823106140e-01 3.639129458213021806e-01 6.282796306688529508e-01
1.625268433286890968e+00 7.855878518552504852e-01 5.291276479976033675e-01
1.213256553366334645e+00 5.493418580536120199e-01 2.214690278254695666e-01
1.496950533500887026e+00 7.954815192502714405e-01 7.484265768557669674e-01
1.688075337555593247e+00 1.023799670254104122e+00 1.325040066021135887e-01
1.506747672404266325e+00 9.996409493218016973e-01 2.414265387984875499e-01
1.071826991577557120e+00 5.765904866790816374e-01 6.842153104389686602e-01
