1.000000000000000000e+00
2.588355686894642238e-01
-2.276145742568602137e-01
-1.112751025982599229e+00
1.440559743415980476e+00
1.642041987200699715e+00
1.616130158530160399e+00
8.553315844296109915e-01
1.284603523620955201e+00
8.453212750271386078e-01
1.214443096487971108e+00
3.855273137780907966e-01
8.123656895220665586e-01
5.761812652658433453e-01
2.140627625033224124e+00
1.378956091388688687e+00
1.631997477899988835e+00
3.194058742856633604e-01
-3.865923744236752224e-01
-7.985237803863418637e-01
9.562915917221459505e-01
