1.000000000000000000e+00
1.102978822687649352e+00
1.841359727721295414e+00
1.543850240298951348e+00
6.585525559664628936e-02
9.384304711802348153e-01
1.451812375680582967e+00
6.443017543404253589e-01
6.916946967986340455e-01
1.070476087029012202e+00
7.732924591543326454e-01
6.771544748824394055e-01
9.731972352438742480e-01
5.837278915061754336e-01
2.060097512706020151e+00
1.541039331208513330e+00
9.869513545343565619e-01
2.138107589865049452e+00
2.568404885861531817e+00
3.589213110093501413e+00
3.714232297959396689e+00
4.601679233628101606e+00
4.736582929080316084e+00
4.513460622066554073e+00
4.089439417157589851e+00
3.984371524423911737e+00
4.454618548518858745e+00
4.761772729704660811e+00
5.178846190974862651e+00
4.031602910139810092e+00
2.975409592838223816e+00
2.620342204184058943e+00
1.414252718653332908e+00
1.033892704058053225e+00
2.028911973429603943e+00
2.806925050128002308e+00
2.606681121178500149e+00
2.590994874535299086e+00
3.301741775882449659e+00
2.729910605345340802e+00
1.750458573744874791e+00
1.801775183823029369e+00
1.210871604159149406e+00
1.558984774629805781e+00
3.037972440785452477e-02
-5.382362692395253889e-01
-5.127072452236813849e-01
-5.404116180935296665e-01
1.376476405315318896e-01
4.428623570453064096e-01
1.307491976671571798e+00
1.542858510266010841e+00
4.787309815867337726e-01
1.370539445782596566e+00
2.012211616803582181e+00
2.426051204645917281e+00
3.023971185755106372e+00
1.657888450327225094e+00
1.243473974379926350e+00
2.148586632060645485e+00
1.168131292432470492e+00
2.155782334056809191e+00
2.628220068113154451e+00
3.307098097320824159e+00
3.402033257736063909e+00
2.913372961238029468e+00
2.897479454682779565e+00
1.340770080648879370e+00
2.308224711647541838e-01
3.644523597263144010e-01
6.802702558229136720e-01
1.206747167026678280e+00
1.398517720376774687e+00
-5.008804687259438282e-02
-4.272570852702061717e-01
-1.201795268804699779e+00
5.333739719974550653e-02
-4.292862427572078921e-01
4.174455356950630969e-01
-3.565515444116585386e-01
-2.612037282111265402e+00
-1.939797685871001764e+00
-1.099416152800142266e+00
-9.001161480885776500e-01
1.061707102268681702e+00
1.499018265077972867e+00
1.955363379956251091e+00
2.384877167992928371e+00
2.273235977245973594e+00
1.144715368083935259e+00
1.439487028620455078e+00
3.505558350283448643e-01
3.720892534590454770e-01
8.017848471776845010e-01
1.210515375814369188e+00
1.718992932653453654e-01
1.518042123051339898e+00
1.554503308199672418e+00
5.773562740853556141e-01
7.370528812141556863e-01
1.026638133508388062e+00
