1.000000000000000000e+00
1.145996677400590524e+00
1.128000841155926581e+00
1.163679233556873305e+00
1.177317632151712923e+00
1.510611869759962644e+00
1.536741127422180719e+00
1.522408945756071885e+00
1.583636003190693753e+00
1.592038528035171652e+00
1.555476451729239873e+00
1.560802425074143462e+00
1.564014568816907369e+00
1.552964622952588636e+00
1.695538169213345769e+00
1.707931837046749557e+00
1.580810478930942953e+00
1.602592624381004027e+00
1.551831132899620602e+00
1.577789180514160616e+00
1.631779811493040633e+00
1.703156478809226160e+00
1.650617618702933553e+00
1.713374148583728607e+00
1.788335464357090565e+00
1.751816515852204770e+00
1.823061062349977224e+00
1.638716208931145335e+00
1.670250874493774740e+00
1.665877773984631105e+00
1.832004272270577161e+00
1.797730249705578709e+00
1.800865469481159886e+00
1.903878358292589779e+00
1.704971000870804776e+00
1.487992663869996512e+00
1.396150769944440206e+00
1.318339072038582804e+00
1.449282639207881918e+00
1.376637523885570591e+00
1.259027771617951652e+00
1.148776546400148035e+00
1.108032203552791639e+00
1.258990184199528795e+00
1.264926916602309603e+00
1.114529808284863366e+00
9.083948264082274404e-01
9.950973119362136465e-01
8.719198496167568369e-01
8.540699692746599458e-01
8.252347420162150504e-01
8.068617270974044464e-01
8.713383827079300703e-01
8.478502742755101851e-01
7.102266835032842174e-01
8.293867357488610148e-01
8.079227212406878689e-01
8.891982002190371714e-01
7.374691960049195583e-01
7.747456586967073067e-01
7.592573566495365300e-01
7.266712062442004516e-01
7.431149253001507748e-01
6.233264537443925501e-01
7.050460503266499090e-01
4.946477186240485491e-01
5.255852266002458695e-01
6.385211307046350093e-01
7.520108280100623599e-01
7.300258682075889682e-01
4.801722272193578167e-01
4.102096521125681572e-01
2.104523888809338439e-01
2.213611058265945453e-01
2.852300031976688355e-01
3.075296501658373316e-01
3.673587308550799735e-01
4.901633939990151512e-01
3.804332974400133072e-01
5.384972509712779853e-01
6.481181666820787779e-01
5.872070319250195514e-01
6.242702989785977596e-01
5.700904493016116792e-01
5.707381445883381588e-01
7.059285932103630534e-01
7.746748739148368035e-01
8.555772459630444082e-01
1.051353219150798601e+00
8.522939411143695132e-01
8.489573209104501750e-01
7.578743122500709584e-01
7.083111339775151061e-01
6.718706111910792700e-01
5.681782602414681138e-01
5.550931699146272047e-01
4.745141560282712390e-01
4.337537544860782801e-01
2.622001786991928207e-01
3.190957517212148487e-01
1.566451556856753580e-01
-6.929865176269389693e-02
-1.639752557690337953e-01
4.160076246350230544e-02
-1.281601561673424150e-01
-3.571147842315713916e-01
-3.551314176015079593e-01
-3.291971462353411870e-01
-1.427340728160540473e-01
-1.383598937260086814e-01
-1.808311358947018721e-01
-2.446779099558406001e-01
-6.054849777336410166e-02
9.868478923017046101e-02
8.866664867439062736e-02
7.536006562876727821e-02
-5.246961537683135501e-02
-6.743235170713039739e-02
-1.093182423574499684e-01
-1.117085539656562793e-01
5.662604201519245983e-02
6.437653655686069454e-03
1.769115919468663457e-03
-1.727574466313080426e-01
-1.891003356202398955e-01
-2.851093675570849362e-01
-2.702526914032858940e-01
-1.464485968263760096e-01
-2.696160022280477131e-01
-2.141086269331733682e-01
-3.685663339738654010e-01
-2.753571963933006961e-01
-3.387186295588928142e-01
-3.121319686082258960e-01
-4.059938042522016621e-01
-4.557948353529406305e-01
-4.352225567145058815e-01
-3.277480560007527410e-01
-2.905472787486180763e-01
-5.006193781960985856e-01
-7.146574833105175939e-01
-8.030123846329988435e-01
-7.905238681521008504e-01
-8.325969560063359864e-01
-8.433701809039690911e-01
-8.257349489671652609e-01
-7.434386572299609419e-01
-6.903286103671136820e-01
-6.455009961394410078e-01
-7.982391759947903287e-01
-9.283509470801143415e-01
-1.073200293543115968e+00
-1.065188075065307771e+00
-1.269927692551738208e+00
-1.219656328949986435e+00
-1.315185022321581076e+00
-1.261525027116894515e+00
-1.247710458786052135e+00
-1.356803290278193908e+00
-1.412541636656774680e+00
-1.427405692444417173e+00
-1.301885568672483284e+00
-1.207693729905241486e+00
-1.151980639876507118e+00
-1.240803172570851043e+00
-1.307007190071619362e+00
-1.499302546593879848e+00
-1.406909992123541731e+00
-1.483838228761405587e+00
-1.438517102103917367e+00
-1.485124672502235565e+00
-1.417065368116504631e+00
-1.385802041126601880e+00
-1.354602436082296801e+00
-1.491732420895214073e+00
-1.509765225665761212e+00
-1.379429353786305379e+00
-1.222125656769162960e+00
-1.277642343206339737e+00
-1.225770110406438906e+00
-1.241075113660031981e+00
-1.071910577429697309e+00
-1.120897891503948474e+00
-1.029199832979741602e+00
-1.057834296165956589e+00
-1.035857929249416998e+00
-9.960777022687580251e-01
-1.121959023778861475e+00
-1.086940543303492879e+00
-9.516630189590550293e-01
-8.479425872376460394e-01
-7.912913053856760470e-01
-4.442718527201673373e-01
-4.543872011903546948e-01
-5.262610964174815331e-01
-5.283019836908487976e-01
-5.971935530829375338e-01
-3.608651885214988475e-01
-4.540554821366517557e-01
-4.557304725322146588e-01
-5.602632286953520557e-01
-5.093995012678342871e-01
-3.336517834293108997e-01
-2.638858119955768688e-01
-1.770499674809615231e-01
-1.870097857297851607e-01
-1.500521908889532741e-01
-1.392355709494916549e-01
-1.182947120250156248e-01
-3.391987402566755405e-02
-6.816665187369730372e-02
-1.135121219538988979e-01
8.361554168191676073e-04
7.666621562914395505e-02
-2.768588505943581080e-02
-6.056492565221373997e-02
-8.480116979603954941e-02
-9.808313520748900005e-02
-2.208059176435499260e-01
-3.295438345029467753e-01
-4.859159002650496051e-01
-4.997627227033351605e-01
-4.094102818068213745e-01
-2.709103061321996853e-01
-2.324511987734575735e-01
-1.943877784368258088e-01
-1.928102894841217385e-01
-2.603739779512406205e-01
-2.642899422808623888e-01
-1.639638628587409275e-01
-1.535120801551183856e-01
-2.272677537885873789e-01
-3.074639118253878478e-01
-3.802164330481151433e-01
-4.654050385981456373e-01
-6.921804086107126164e-01
-7.471357591346418081e-01
-6.188930553838456472e-01
-6.167439474878110284e-01
-6.908888484032076338e-01
-5.868860169691852979e-01
-4.669147873708509588e-01
-2.906835776530706239e-01
-1.377340487757295895e-01
-3.047900581262972253e-01
-3.352195858132974715e-01
-3.248575675277721730e-01
-1.560664918626041286e-01
-2.285778634712952451e-01
-1.915466161124526612e-01
-1.479638109364210252e-01
-8.057296593235144244e-02
-1.954221244575189975e-01
-1.902870650202612701e-01
-1.652132158404048534e-01
-1.016654803419489717e-01
1.225513705716342605e-02
-1.883523119887406741e-02
9.627023211913016132e-02
5.454409884151146387e-02
-9.671494652997081332e-02
-1.706244407315227196e-02
1.197116695707473311e-01
4.715423120645627353e-02
8.715923598354365087e-02
6.248564115164665506e-02
4.331906763191467613e-02
1.494139572171401253e-01
2.395155447183175412e-01
3.548991386287418393e-01
2.854089694658288323e-01
3.107417877139369011e-01
3.356035058690390871e-01
3.838136265931020863e-01
5.913686540655742618e-01
5.144757202405259022e-01
4.225812659780835423e-01
4.178012515492180445e-01
3.726846397957621071e-01
3.456936258610116552e-01
4.571564789100470705e-01
5.464578996409362732e-01
4.818799907130209559e-01
4.716853146844308120e-01
4.943245494690443054e-01
3.056933329902644103e-01
3.117804268550822822e-01
1.357014565193339073e-01
2.114198665114062070e-01
2.100319826899702813e-01
1.458032443536823597e-01
1.881796920734028766e-01
2.144921387252338163e-01
1.871783009198113024e-01
3.231818239416600624e-01
4.420990495253802610e-01
3.658640068527733158e-01
2.927990072181164138e-01
4.582998880619231774e-01
3.927694632537058750e-01
1.878206959491780792e-01
2.413945617783527786e-01
4.350779716469614922e-01
4.155249930975559725e-01
4.697750967177622972e-01
4.520112868112167726e-01
3.864216473264320828e-01
3.966586284171060850e-01
4.321956623691114996e-01
5.811959204364338660e-01
5.914095807369755819e-01
5.452733974025726349e-01
5.433034883784576552e-01
5.049222080236801524e-01
5.218952390623692317e-01
5.087312199703262205e-01
4.988171244247929237e-01
4.034073999018770174e-01
4.864826615395202447e-01
3.892582624426936810e-01
4.046827867997754846e-01
3.728804610658076335e-01
4.261185203043759140e-01
5.222507491194882112e-01
5.450678774489360334e-01
5.110041569216222657e-01
4.702022837768197183e-01
5.252630982342192389e-01
4.763100910209669969e-01
5.006790299710396352e-01
4.491996520291916539e-01
4.207441614020471232e-01
4.547116386274931976e-01
3.843173860564591537e-01
4.139610743797573766e-01
1.272567789362037405e-01
6.672866972635455030e-02
-5.478256722249789934e-02
-1.110562747652633075e-01
-5.184900422910495438e-02
-1.765837048612320381e-02
-6.160419846828835838e-02
-1.602416315048222351e-01
-7.415679381451756313e-02
-9.433065417279912213e-02
-1.552074116636509571e-01
-1.254257212158419177e-01
-1.555598442909294221e-01
-1.177808097415833644e-01
-9.385264916315963490e-02
-2.471651167977649277e-01
-6.616311927432372286e-02
-1.911744440265751299e-01
-3.771642159761968705e-01
-4.011447671796826708e-01
-5.295942285074152212e-01
-7.451272127808944434e-01
-7.880311016265644231e-01
-7.766924721707902934e-01
-7.682816310360369716e-01
-7.196306314150362482e-01
-6.372382145206697546e-01
-7.567436739028323700e-01
-8.070013686219381643e-01
-6.705294642008875483e-01
-4.683717197511180208e-01
-4.866747969772914351e-01
-5.916980806351641586e-01
-5.994072240795791373e-01
-4.955306747972342829e-01
-4.310560307240769995e-01
-5.150353003082057679e-01
-4.408317531851718707e-01
-2.389032028105749217e-01
-2.460546028852558798e-02
-5.648961272397269584e-02
-1.000203481689520141e-01
-4.697755111813958079e-02
-4.135899317287362875e-02
-2.721270923893970850e-01
-2.647120052627169873e-01
-2.353099807948978994e-01
-3.288980753354713293e-01
-4.536661085135255123e-01
-4.401295739394579520e-01
-3.888986840003477163e-01
-3.826702749591369135e-01
-4.143918157237767019e-01
-4.995622443827930637e-01
-5.040006467407132096e-01
-5.161450162851052292e-01
-4.489723533035770431e-01
-4.854972710896367505e-01
-4.948828507975389646e-01
-2.867792881720617748e-01
-2.625614661307835718e-01
-1.239329942648145777e-01
-1.624125803235637600e-01
-1.834942530976862995e-01
-7.974762774110832897e-02
-8.252000245384058519e-02
-1.339753628040457334e-01
-1.657053462805417876e-01
-2.558684825699791832e-01
-1.800040644083234498e-01
-1.308251583729833634e-01
-5.347601075020835815e-02
9.681631108631405525e-03
-6.282455292466593288e-02
1.300827646310306895e-02
1.672112697496063935e-02
8.522506030123915000e-02
1.576800239188442809e-01
3.287919128623977838e-01
2.711974376213586169e-01
3.282561520819371470e-01
3.463538204897629869e-01
4.170199564449551533e-01
4.441934137639211855e-01
3.597176941059817556e-01
4.189674546646542375e-01
4.722973203132029840e-01
4.555682948716891500e-01
6.117672941039759005e-01
6.248113898021266932e-01
7.769501557420417370e-01
8.446416785591449594e-01
8.788298776374958710e-01
9.007961992877125956e-01
8.443131487559519810e-01
7.233989146703063700e-01
7.516043883373771939e-01
7.594599574395590746e-01
6.890945864231312612e-01
4.288890230000378945e-01
3.942262092133088647e-01
2.891892096914006616e-01
3.545160800458297956e-01
4.964940493010848721e-01
4.070273102118249775e-01
4.451480595924638406e-01
3.748252213946045019e-01
1.149249928006617627e-01
1.511524522503684409e-01
5.732633645911426601e-02
-1.390503607653634788e-01
-2.522401379958166268e-01
-1.956995177154105536e-01
-1.328553795202365162e-01
-1.977453402048280906e-01
-9.926010067265972348e-02
-8.073793471512333286e-02
-1.713990391290680648e-01
-2.156485644126776013e-01
-2.559920530421999629e-01
-3.771331652981710358e-01
-3.134278135730295678e-01
-3.270900889198548600e-01
-3.032128294894421705e-01
-3.203052178624817836e-01
-3.545185847382680278e-01
-3.985571765530213639e-01
-3.676178999230070299e-01
-3.356284304525152806e-01
-3.458034837698719111e-01
-3.193605966317620282e-01
-3.517035272981944849e-01
-4.210189089196212375e-01
-4.720828522241224956e-01
-3.910295044278509491e-01
-4.134456694185885128e-01
-3.788251120533985827e-01
-3.725904533756159154e-01
-5.260472583873362362e-01
-5.651135102722386616e-01
-3.803086376834700078e-01
-2.951504851160618448e-01
-4.791721960823079884e-01
-4.764739705021223681e-01
-3.625501479303119279e-01
-3.253264064524320487e-01
-3.727401060551809864e-01
-5.916192488022733453e-01
-6.585548325904352351e-01
-5.715184282045060460e-01
-6.872588418665929177e-01
-5.967437130268278267e-01
-6.011396054379594123e-01
-5.988388297106871372e-01
-4.869823191370136195e-01
-3.242389451679477119e-01
-2.973339612268089405e-01
-2.597448474383674544e-01
-2.300398524995462268e-01
-2.809414816894514333e-01
-6.680972293849843369e-02
-8.332848518927883641e-02
-1.833938795632061858e-02
4.226904444692907575e-02
-8.928224778401558370e-02
-1.906420926467535248e-01
-1.698885026069134330e-01
-1.016823418141586388e-01
-2.400166739907718672e-01
-5.281987774407281844e-02
1.233438947019576959e-01
-4.802182967671303482e-02
4.652752448786058592e-02
1.479263785261096809e-01
2.230218119146006595e-01
9.441552508309655756e-02
-1.077833822832662547e-01
-8.890932658977016012e-02
-1.897896011143675177e-02
1.086790597922837193e-01
-7.149210367343422634e-03
-1.890396106811843002e-01
-1.323553512567953727e-01
-2.588090566137641879e-01
-3.278646578619710539e-01
-3.145164072243214481e-01
-3.927706369710942669e-01
-4.320677076997873067e-01
-4.279572060748380591e-01
-2.981315916150335532e-01
-3.560605504539454680e-01
-3.100825990012524569e-01
-1.496269310559866506e-01
-3.117538912936119733e-01
-2.266636283859994050e-01
-2.332799042325899019e-01
-2.174192981157188342e-01
-3.608932555726331870e-01
-3.025105239136586244e-01
-3.338819930551776838e-01
-4.927477087178336324e-01
-4.242045711030510979e-01
-3.826551406373140396e-01
-3.053559889618640555e-01
-2.387626958646755782e-01
-2.903024748382156961e-01
-2.662133215188233759e-01
1.291166884820743599e-01
6.097436594779094554e-02
1.400692472578964065e-02
9.341818667582452163e-02
3.544900459509126023e-02
-4.978567155503485497e-02
5.119847095464967468e-02
1.076260396074496112e-01
1.808792617144820425e-01
1.474594967341695539e-01
1.582416720143932920e-01
1.910356039910479087e-01
1.035887499989986832e-01
6.252853033412528183e-02
8.507632133300353783e-02
1.140199121574395347e-01
-2.099425398169152412e-02
1.960364412259954503e-02
-5.092132787318660869e-02
-8.988623210934194863e-03
-1.291493750733754137e-02
2.711169898546253454e-02
-6.539030290318553762e-02
-6.059030539058393033e-02
-1.629994987357503977e-03
-9.765436967326275239e-03
-1.706189657156094719e-01
-7.545074056803846574e-02
-3.695201551243171983e-02
-6.330422977300284582e-02
-1.095615167103982379e-01
-1.127368238998367744e-01
-6.150558167863913461e-02
6.003004550212646950e-02
3.807717719334855616e-02
6.787443107265569986e-02
1.379017354923827710e-01
1.619744953749496230e-01
2.323563358191299277e-01
2.896173534858870746e-01
4.953457382289347399e-01
4.603652252090867369e-01
4.937402592982582106e-01
4.645654350898139051e-01
4.844345873056359331e-01
4.380991267970458236e-01
2.603465307235591775e-01
1.564039555963558925e-02
1.939451728142612685e-01
1.785529625029297629e-01
3.111103288674677003e-01
2.056836721191732664e-01
4.049580080861513443e-01
3.033763510738114455e-01
4.438482396823320575e-01
3.920608323889344660e-01
2.917636745406583243e-01
3.378136636280570371e-01
4.813162488086676349e-01
6.910945408508170074e-01
6.820345519753194807e-01
6.899146154019785149e-01
7.999386348512036449e-01
8.642008580968726372e-01
8.001777476741261941e-01
8.519920990869342958e-01
7.725779038538962418e-01
8.711822084917021369e-01
8.320768586996477589e-01
8.439573979205097221e-01
7.157613992424416427e-01
8.593371127198259352e-01
9.895532838375917795e-01
1.041875308454524474e+00
1.146241349438891888e+00
1.026132896177352816e+00
1.111330230390847440e+00
1.329234071775155179e+00
1.426292522648337613e+00
1.485231384043019132e+00
1.578333300769602765e+00
1.600228814254820886e+00
1.745229544172231417e+00
1.695732536668574930e+00
1.812677243568218133e+00
1.791760248062236549e+00
1.904495939716010611e+00
1.948299109649195504e+00
1.928128115957582267e+00
2.015379265878803228e+00
1.994200227051067031e+00
1.956017061996740303e+00
1.845555374266561799e+00
1.924177061073496953e+00
2.033907580403596427e+00
2.034033278481342855e+00
1.990003247391077368e+00
1.981660292747660534e+00
1.738354511011157122e+00
1.748255797294995251e+00
1.712385767644552859e+00
1.568523538667520922e+00
1.557378497097608117e+00
1.300743855622553236e+00
1.252900399987677549e+00
1.228840925533095430e+00
1.266605203648771827e+00
1.165870918126333144e+00
1.097809519176714765e+00
1.111774027146268384e+00
1.030860093630461716e+00
9.459852324389310674e-01
9.426747635421500737e-01
1.029526861369645330e+00
9.340785714293649011e-01
9.447221855807937940e-01
1.003833435317279754e+00
1.145813437979912308e+00
1.028952961019635071e+00
9.498875990886801457e-01
9.389698838493640842e-01
9.797144874706875672e-01
9.933773986059150074e-01
1.097670432496771431e+00
1.113106491932062125e+00
9.462736079107556542e-01
9.598747385785266761e-01
1.009263933241162592e+00
1.191293547856883794e+00
1.331776587415582469e+00
1.408755441634353733e+00
1.489807165449427817e+00
1.488607719651481087e+00
1.557549260247329981e+00
1.533846027642902676e+00
1.452058130903869149e+00
1.353513902980009176e+00
1.354952131188727149e+00
1.425496801608644226e+00
1.297511908433402583e+00
1.163212137334025398e+00
1.254862422542361022e+00
1.175657538743662744e+00
1.145528969209191228e+00
1.212040997603420545e+00
1.110607117467719229e+00
1.267953330763981201e+00
1.205208193090642199e+00
1.195261561976055376e+00
1.109766696394639540e+00
1.324847297119371881e+00
1.359954030929392488e+00
1.315761383512095151e+00
1.450252598466325926e+00
1.323276995530543010e+00
1.437634695736868640e+00
1.426924404558330028e+00
1.500430705942102261e+00
1.606559256227145127e+00
1.551953035293056615e+00
1.492337831372061441e+00
1.378673621614794786e+00
1.239311044249519211e+00
1.357971027757035376e+00
1.522528394520042960e+00
1.723635175255084917e+00
1.733697008429189834e+00
1.727315197398532121e+00
1.576737631358836378e+00
1.771451771716454626e+00
1.751135130319519728e+00
1.733320874870266204e+00
1.694252019213904337e+00
1.663013964836216108e+00
1.755377483070771794e+00
1.784379476042756041e+00
1.865836278469015674e+00
1.919334047131719956e+00
1.870030665111507062e+00
1.941044210547520077e+00
1.746101138137749142e+00
1.866638588254112552e+00
1.880207910234978019e+00
1.792390614889006084e+00
1.759878182444458039e+00
1.789948426534426762e+00
1.815795693143639422e+00
1.711446991508194015e+00
1.816938808942439421e+00
1.892083417479987206e+00
1.858469898500075157e+00
1.752538576656577751e+00
1.707028725444668105e+00
1.684077470126781106e+00
1.664417675020519960e+00
1.752605207982760094e+00
1.945464236600216390e+00
2.083454405277675114e+00
2.263059171446875517e+00
2.152584216373566228e+00
2.065668011780402047e+00
1.969605091011344733e+00
1.913232273954918128e+00
1.949475429903977819e+00
2.031017937233992932e+00
2.048007688361433321e+00
2.028693908727877027e+00
2.177782955538921872e+00
2.228593389416187787e+00
2.318184445891120937e+00
2.248519420579146111e+00
2.176017951803345785e+00
2.192237927834643774e+00
2.170467520857329191e+00
2.200189978008050495e+00
2.225460606502391414e+00
2.153563093282222063e+00
2.243031625897438985e+00
2.179653132989570974e+00
1.980485875539303997e+00
1.969504927913796832e+00
1.982758290557125935e+00
1.847591847925473374e+00
1.941493188171275364e+00
2.016931244185609984e+00
2.020702054988018581e+00
2.013880428679179158e+00
2.024648008918425113e+00
2.051075962806893305e+00
2.087356847126674353e+00
2.232696523998256133e+00
2.247722692463227645e+00
2.356885595393642951e+00
2.312762239202899028e+00
2.231787898694756578e+00
2.234056504723038739e+00
2.211297835710137161e+00
2.176395473672660508e+00
2.305715112266437661e+00
2.364273165209442862e+00
2.398342280588151354e+00
2.451293426248970064e+00
2.608815483406632829e+00
2.520994225145975598e+00
2.476640094885028454e+00
2.605844383061084457e+00
2.580947796473197275e+00
2.688105412848038611e+00
2.648310708643079714e+00
2.577281706273052642e+00
2.568421671528588135e+00
2.734053868445132096e+00
2.837287481828137725e+00
3.128171925782897933e+00
3.122474907253556253e+00
3.051438589708695304e+00
2.885024024670747256e+00
2.870197903534614792e+00
2.814083512683815513e+00
2.833527658109097125e+00
2.879008090272790366e+00
2.866297163918973379e+00
2.762455739742952332e+00
2.516402210272507212e+00
2.677434097550287717e+00
2.629191914950061548e+00
2.604141247859036223e+00
2.489309716982959664e+00
2.405563561059788746e+00
2.463669409733963089e+00
2.311838738593617215e+00
2.249194060034812370e+00
2.128582373111290060e+00
2.262997808067205519e+00
2.221209645963166945e+00
2.149540257742863059e+00
2.233300483713509532e+00
2.238215051383039889e+00
2.244401771787957411e+00
2.252547487632778456e+00
2.349169173214309403e+00
2.422639878829641269e+00
2.490086578189171895e+00
2.383138588730150609e+00
2.402061877147470881e+00
2.365229396750751167e+00
2.459650887121807017e+00
2.565242682410083130e+00
2.731310609401760292e+00
2.559817064449854129e+00
2.450421777623662756e+00
2.543356817191225971e+00
2.493534669484640087e+00
2.532082862759353681e+00
2.518074213808044526e+00
2.361004813125648472e+00
2.126601615181608729e+00
2.211832966000133460e+00
2.135379193220531935e+00
2.129721880130247769e+00
2.025248427267767326e+00
2.115998819831990563e+00
2.069459936308698289e+00
1.938365986983404676e+00
1.884146942409204106e+00
1.929307436480915294e+00
1.899055539588679009e+00
1.974456199996211803e+00
1.962751339691046759e+00
1.971219537515162878e+00
1.974965972278871718e+00
1.922670099086681184e+00
1.894627186066164093e+00
1.896457621753548040e+00
2.030157959949749902e+00
2.042681413908776999e+00
2.072162448625590070e+00
1.981806511081633193e+00
1.946449956606055576e+00
1.770188668856066849e+00
1.678019597443368260e+00
1.679884759706140596e+00
1.616080279340295967e+00
1.538323308738448691e+00
1.522886603897922075e+00
1.551702998653403887e+00
1.620032222699540059e+00
1.607203797034335579e+00
1.708000379585001838e+00
1.760629330495332656e+00
1.794309815978880174e+00
1.841872581871170755e+00
1.877235903132386419e+00
1.829335371581381153e+00
1.947677568556600347e+00
2.006975958113424330e+00
1.737999328322389792e+00
1.595228468353532270e+00
1.544013156697348732e+00
1.450685867145953489e+00
1.352738054941510226e+00
1.271005148068053092e+00
1.146980332087238486e+00
9.694647377040058744e-01
1.009618750149053668e+00
8.333814493428401970e-01
7.390290164351432933e-01
7.476687360476791389e-01
6.857552769908420442e-01
6.153569112038066447e-01
8.501783126015979297e-01
7.963756482846069407e-01
8.399167420609310319e-01
7.180885913914688556e-01
5.823562383783107421e-01
5.317407527107712584e-01
5.605759904842358976e-01
4.488370654727215081e-01
4.843981251580222191e-01
5.048134228895024833e-01
4.074273364726591073e-01
4.647512708839403039e-01
5.075018520251771692e-01
5.885197948068302543e-01
5.227683276742104423e-01
4.824390668073165189e-01
4.634328452545571353e-01
5.846867226470228163e-01
8.601904612485453683e-01
8.847264819988842621e-01
8.461164797809066496e-01
8.591658481086762444e-01
8.153127175820960026e-01
8.805490932586332864e-01
8.710519683072724950e-01
9.922746280678582664e-01
1.064806906178943136e+00
9.330583576087836395e-01
8.833133494148728282e-01
8.066605377826308043e-01
6.600055013448958841e-01
7.747653848964075607e-01
8.913389112875848008e-01
7.943071245153829896e-01
7.370958079888653147e-01
7.521367227503457098e-01
6.008166219346998682e-01
5.394156074909948195e-01
4.224353233223344661e-01
4.439662376904476293e-01
2.883740762707555083e-01
2.599368297935502059e-01
3.392385103731319074e-01
1.593913283000462644e-01
3.021067235348299240e-01
2.332646647363322834e-01
3.544707253766373745e-01
3.744192391991837399e-01
4.530420688980621446e-01
6.147917101127440276e-01
4.898324007047230033e-01
5.208707491044864968e-01
5.266622464478648569e-01
7.917087596413069361e-01
6.924663189089252935e-01
5.752913729355886296e-01
6.177750846181450095e-01
5.076800855589854722e-01
3.753491590720509086e-01
2.328352374663066882e-01
4.077267597861070070e-01
3.588693370765350110e-01
3.361842128012116904e-01
3.769717260816630722e-01
4.062595822607216745e-01
3.224157935164800870e-01
2.519925667150367254e-01
1.955581210116678070e-01
2.802730938212538714e-01
1.896284143411048617e-01
-4.319249042706632680e-02
1.975991119767646909e-01
3.004564949410329922e-01
2.652964315001801188e-01
3.597924991773170378e-01
1.884199784063911032e-01
1.312963390798798091e-01
1.458006382752933261e-01
5.574709033665818658e-02
-5.704137768853330404e-02
-1.087636979590160535e-02
6.818145129793059395e-04
3.783433952993850435e-02
1.141678077013719983e-01
5.944886410858227915e-02
6.176913968154797152e-02
-3.594056497671929695e-03
-4.328100895433872886e-02
-5.821704700169112734e-02
6.471815610924902540e-02
4.676524723250765486e-02
3.514732067405879068e-04
6.130866240057278316e-02
-6.969882467306148799e-02
1.306948024066577341e-02
-1.741405962179247077e-02
-1.386720750003082314e-01
-1.409232868854505827e-01
-1.927963223496374778e-01
-9.006477236443030665e-02
-1.888262231959002557e-01
-3.953724724491941567e-01
-4.496287114159644993e-01
-3.369872632735489981e-01
-4.473117610513435705e-01
-4.798306664827854950e-01
-5.816742028464045866e-01
-5.169985448296212649e-01
-3.939508055429005173e-01
