3.000000000000000000e+00 1.000000000000000000e+00 1.000000000000000000e+00
2.482171110126341063e+00 7.274729445002057204e-01 9.621882214896750884e-01
2.178594481345850209e+00 7.235667825348565119e-01 2.046618031576186159e-02
4.397437871391451480e+00 1.001901421920170510e+00 2.701812268708023712e-01
4.760779525923199529e+00 1.028324010605417227e+00 -3.620872490453469483e-02
5.082459809321132838e+00 7.196065792777871506e-01 5.768507519277734641e-01
6.520114239411765489e+00 9.275601365107432050e-01 3.560539166731458982e-01
6.214624618176110893e+00 1.173551867077788913e+00 5.863330483197327636e-01
5.162120913474320893e+00 1.471293828921818703e+00 6.136093357867767883e-01
4.203582928335125146e+00 7.574408536056729258e-01 5.488669635700760274e-01
5.474084955448428325e+00 7.047070363448497687e-01 2.372114406027822087e-01
