3.000000000000000000e+00 1.000000000000000000e+00 1.000000000000000000e+00
3.653443051052087220e+00 1.304861736552033191e+00 5.344283143636262556e-01
4.571479667281769466e+00 6.958570684340951162e-01 2.739941339662418929e-01
4.392797764260853555e+00 9.207097622396451797e-01 9.588904130910338997e-02
4.175080181714284855e+00 1.135102530447004598e+00 8.338731361572030432e-01
4.350125518330838936e+00 1.249143818776490944e+00 7.261763282736982683e-01
4.727792377790627221e+00 6.854103951000453110e-01 9.664501553161664038e-01
4.707456702092040146e+00 5.850842438445321703e-01 9.943644295882099193e-01
4.552334565187236670e+00 9.494378554377067569e-01 1.089216879792991310e+00
4.938885450988556691e+00 6.472583387910991748e-01 4.662053681877809108e-01
5.707494706922783045e+00 7.984191859379231593e-01 8.095428412077780855e-01
4.945763973191615648e+00 9.616103111175495766e-01 8.665301994071351599e-01
3.995057912897193031e+00 9.867547440212846022e-01 7.980778032384576726e-01
4.825887207036060111e+00 7.652433938717314588e-01 -4.645865865129394923e-02
5.857616303308210703e+00 9.733346762013439513e-01 8.449833345038482157e-01
5.301519497687526616e+00 9.317695543001154324e-01 7.757359384336230956e-01
5.986446575570240292e+00 9.208953136617604729e-01 1.373302411225996167e-02
5.839392744014530123e+00 8.820484753278141632e-01 1.773607124275247138e-01
6.637804603994426067e+00 1.344104844670891863e+00 2.579825594633741170e-01
9.129696170754909801e+00 8.958606068737176020e-01 8.272941543846270562e-01
8.864464392386704361e+00 5.805821294391785292e-01 9.490588422055268314e-02
8.730753443749135201e+00 8.360207843158784513e-01 9.011211281067869061e-01
9.543849089462341340e+00 7.667479021890857283e-01 6.331797410683115412e-01
8.486004131094347258e+00 1.103172576082586342e+00 2.957154443380392017e-01
8.636017703576023052e+00 9.536281605602967559e-01 5.295243149002122340e-01
7.236540310941558474e+00 7.514328461009787130e-01 1.010769528293938180e+00
8.779658427093423256e+00 1.485059898536180256e+00 1.198777063526148767e+00
7.692226460849584946e+00 1.329716913563896208e+00 8.705490590815248009e-01
7.081751298994698907e+00 9.985099106539699898e-01 6.827683934118626841e-01
7.048379010436816472e+00 1.128423370889957367e+00 1.027885664676266853e+00
6.011687520966290776e+00 6.172148581818033275e-01 6.677606386796419713e-02
5.137190730954343643e+00 1.055122864953996764e+00 5.887991280323168208e-01
8.020076747968147401e+00 9.304801292379600852e-01 6.589393737553599362e-01
8.552727019507878836e+00 6.769466394012593202e-01 -1.576286164458218231e-02
9.395796787457188159e+00 9.069906976098960349e-01 3.532019599804912813e-02
8.442954137011204452e+00 9.465879143818008989e-01 4.651241760952648518e-02
9.294616034719101805e+00 1.179514340276142992e+00 1.710386505720952188e-01
9.925817184105971691e+00 1.183782737767518967e+00 5.866530239834786276e-01
9.969186589309588342e+00 1.212502626917783655e+00 7.619100441114157185e-01
9.661446766055057367e+00 1.271314469703617167e+00 6.747525951539734557e-02
9.837688389942398359e+00 8.412931842773201385e-01 7.583306979770075840e-01
9.205447048432013446e+00 1.030101465523993731e+00 1.138309142762953252e-01
8.563945481454446451e+00 7.422034772771934907e-01 6.111492831895367489e-02
6.992777833325510173e+00 5.193215936281747602e-01 3.910833933937169493e-01
7.905203046859357485e+00 1.149765933217578029e+00 2.408484519202724883e-03
7.591769574631189066e+00 1.079729942006766530e+00 5.196967399379803787e-01
6.231911353676322207e+00 1.155832483734085203e+00 5.771055757011361864e-01
4.802651055774210143e+00 6.271904329388553467e-01 1.856919518938137115e-01
5.781613474700376010e+00 9.531373380582095489e-01 1.504361998575594606e-01
5.430892666541462077e+00 1.442292766112119429e+00 6.187931938875150806e-01
3.678285742515448042e+00 1.175435149132628476e+00 -8.424909729748331078e-02
4.606129288705011149e+00 7.931244530625609634e-01 4.887308523840228069e-01
3.709578280279813178e+00 8.292169102557283011e-01 4.988808559433003387e-01
2.749048140204812807e+00 6.240940210227875484e-01 6.045340522002995431e-01
2.229784601692355039e+00 4.359500341976020876e-01 4.034234214863759993e-01
2.148768104594412698e+00 7.326401293036595153e-01 1.960304880453608067e+00
2.965810575851557829e+00 5.386781141980422349e-01 1.175352848605112133e+00
3.720564401003631616e+00 1.774696797178624941e+00 1.252065149525708243e+00
2.476063027903648628e+00 1.197952217771060202e+00 1.326203164026761083e+00
2.563454142870651431e+00 1.011579484821985453e+00 -3.042645710883196131e-03
2.014107625252350431e+00 6.291367067154912673e-01 3.622864308565738600e-01
1.734728634802083391e+00 6.302810895451933515e-01 3.522401943752006548e-01
2.298657560869004080e+00 6.425240732838702895e-01 3.779197946884571557e-02
1.693381659051587995e+00 6.152999201722998412e-01 8.003340980007683791e-01
2.414191533947890989e+00 6.718602223969534215e-01 5.358469899386824054e-01
3.656623527930981332e+00 9.122173139482809834e-01 1.842352996195306680e-02
4.221442326496187114e+00 1.286949865903653123e+00 9.867419782829003339e-01
4.672588758974004719e+00 4.322213096295499657e-01 4.720343161906989105e-01
4.359671891593970727e+00 1.242345951154732564e+00 7.346874686069271299e-01
4.919197240911889146e+00 6.326524519912976041e-01 4.192452094227282489e-01
5.537160084786604486e+00 7.542858168546010544e-01 9.577862922599411633e-02
4.512642957817333489e+00 7.291107559802610938e-01 3.625927102100942601e-01
5.896889016657837601e+00 5.819673599264835184e-01 3.944749747501843928e-01
6.035380475392918775e+00 7.824880755797762877e-01 5.158915495342522028e-01
5.867934937732169232e+00 8.310981198765236000e-01 2.487718929714719529e-01
6.119079482359146560e+00 6.971903505244645416e-01 3.546706042708689943e-01
6.063933263169008825e+00 7.229397597789634089e-01 5.110106158316116698e-01
6.433604238690875832e+00 7.959210954748836553e-01 6.612377735798906642e-01
6.740813383255926716e+00 7.548686535363429151e-01 -4.378104284001260726e-02
5.345876614215048228e+00 8.454204445827140368e-01 2.959018437275591218e-01
4.331620658831536019e+00 7.279606076924785008e-01 2.075245998587365581e-01
3.176841068190404904e+00 9.056495600125213929e-01 2.196008630494023783e-01
2.579230215849030117e+00 9.258675512596064028e-01 1.358181402997520881e-01
4.089220989182450694e+00 8.999875567854394021e-01 1.549450757464775896e-01
3.375651379034313671e+00 5.933017674930796126e-01 9.424139337470431865e-01
2.937126151149961562e+00 4.434886366739951846e-01 6.335444699412499103e-01
3.896323047862497280e+00 9.044373937882179693e-01 3.263292414347662707e-01
5.522103309056586085e+00 1.207683323777420936e+00 6.979355533992126492e-01
3.275259296542177623e+00 1.052802387339298207e+00 6.354237840040516394e-01
1.908283354417552369e+00 2.700316314890381930e-01 4.959087251012275210e-01
2.091074298273233101e+00 1.112945494599540508e+00 2.529050291350369850e-01
3.351485265018659732e+00 1.048518947039399851e+00 -5.718804170616087479e-02
2.373831669794239652e+00 9.828268398792541216e-01 7.531759035712249917e-01
1.568052368520182149e+00 7.414879825395528368e-01 1.093675514647945768e+00
2.530993746947296064e+00 1.292177042816677890e+00 1.617652988836819627e-01
3.792365072267415371e+00 1.481793077906798484e+00 8.844701589637163908e-01
4.986750435337894416e+00 8.515180128123296388e-01 5.096836597435994154e-01
5.431148693287817686e+00 8.580179098812703575e-01 3.302817695820350896e-01
6.714030487975432671e+00 6.642674959695380466e-01 3.032022899671795724e-01
4.811286891468405713e+00 6.995973756846010083e-01 5.276416531008574218e-01
5.327868593744563341e+00 9.611777035791813084e-01 4.244298855298858086e-01
5.355853047756023777e+00 6.873989574276522241e-01 3.134964468296839168e-01
6.624961480489783838e+00 7.110964018959580191e-01 6.114652963892279747e-01
8.198757618090416699e+00 1.353911619996090554e+00 5.308065648255199109e-01
6.378470463134862101e+00 1.126958358929854631e+00 9.927005714205852094e-01
5.110745622029921442e+00 1.321183390876857544e+00 7.613952950253441987e-01
4.376899145032577820e+00 1.075048423153678545e+00 1.145123721871988742e+00
5.106007595167136870e+00 7.648708510045968412e-01 8.462633604875363647e-01
4.716815657470040613e+00 9.276469150068473724e-01 1.701624675109973950e-01
4.019336287703458410e+00 1.665803200835193731e+00 4.683331077368343975e-01
3.287599451630524694e+00 1.948528984817260445e+00 3.605788539556139538e-01
3.250742656142754150e+00 6.893230871162587814e-01 6.308315222179055048e-01
3.549864019783792735e+00 8.217986621107677969e-01 1.012872675963937041e+00
4.438517909232313485e+00 9.498001745480519897e-01 -4.648958557068749720e-02
2.914101448454219145e+00 5.907981898010112864e-01 4.333986765409886810e-01
3.661686449482746131e+00 6.210512901938669561e-01 1.872327692111210029e-01
3.327218630107632524e+00 9.596532524128050801e-01 -1.186593307021314436e-01
3.840940109764901411e+00 9.265150096268213176e-01 6.955736942839344517e-01
4.058520558394614675e+00 4.390883739576305067e-01 5.616065993343466456e-01
3.399674618654659142e+00 5.476924241625927836e-01 6.966828918640125545e-01
2.348119426334633886e+00 4.039907338289679961e-01 3.758262653618550941e-01
3.689783681307858387e+00 1.134058989358665226e+00 1.038769102831864855e+00
4.158867722347618923e+00 1.242483054148345145e+00 1.261133297419507526e+00
5.031500875958347940e+00 7.760892788932223230e-01 2.904487781676053926e-01
4.821771135804892694e+00 6.772524310076445397e-01 4.891405867930318507e-01
5.311892723915513592e+00 6.354180446627373247e-01 8.413934457058278582e-01
4.491475785502952789e+00 7.698473500912412781e-01 -9.891512043076511329e-02
4.530336424318103461e+00 7.860368203052637837e-01 6.082841704631988256e-01
4.256203847271814666e+00 7.213683704973543609e-01 4.240337629143449139e-01
3.459757591345570038e+00 6.588311928803587403e-01 8.357470596275760055e-01
3.509929598545309837e+00 8.960508303227247007e-01 -5.651910986240515911e-02
3.362941944987368537e+00 6.133896104259507487e-01 6.483816127295574105e-01
2.568560805538154135e+00 7.166648574585782194e-01 3.695062307583760197e-01
3.106077705541885337e+00 7.139534281717014874e-01 1.752349253421044417e-01
3.648691597534201136e+00 4.207235353585302984e-01 5.134754501361076251e-01
3.274528982556273782e+00 5.330475909877004925e-01 8.795312041453733354e-01
1.465728333142698014e+00 5.583685890228919924e-01 3.734824343553553305e-01
1.997805389133350262e+00 8.246544440555443334e-01 7.454330938719193611e-01
1.756612621065447577e+00 8.562559204156806603e-01 3.505339811791433613e-01
2.277703009706964821e+00 1.412037949854157093e+00 -2.204565273083065602e-01
2.674457688537169808e+00 1.996316068309576863e+00 1.837205592206253013e-01
2.820875794642272449e+00 1.759648415696678070e+00 7.696724192646027252e-01
2.218767311815801335e+00 1.278737723407303850e+00 -5.529947836291602137e-01
4.115245776435504155e+00 1.152043478880659277e+00 -2.385585219454637862e-01
4.815617265462772245e+00 1.028292728132105482e+00 6.969860058992596308e-01
5.451290087683755559e+00 6.268510034440594181e-01 2.596861474081051391e-01
4.959913962733558890e+00 9.606780497867102309e-01 1.327617532505814546e-01
5.000765320010709836e+00 7.558612438425498237e-01 -9.331734387128598485e-02
4.605097469942315946e+00 6.813852288874608920e-01 3.177258430941529710e-01
5.242277562950776293e+00 7.934280631415043805e-01 3.014668683623184520e-01
6.490168089640164339e+00 1.277402133763955838e+00 4.507550264764489389e-01
6.548036989440773503e+00 7.196799958722528423e-01 -9.873303068352468070e-02
6.225096625875321088e+00 1.488789703176119916e+00 2.695974752041853661e-01
6.436127389989446890e+00 1.052981587971182798e+00 -4.920051672243075380e-03
4.126141060751516321e+00 6.943059702028732127e-01 2.984566660243916925e-01
5.042366626126122853e+00 1.054736320794839921e+00 5.626443829196253743e-01
5.881101484994426976e+00 6.870873109981808780e-01 9.957320822259840831e-01
5.552574226222792397e+00 1.246353734925733203e+00 1.673649406297650355e-01
4.520052366506916997e+00 1.194316784477040150e+00 7.472163276526383457e-01
5.204109605316625142e+00 7.456269594792501731e-01 8.440039548418680759e-01
5.283424938631722689e+00 1.055673533045005330e+00 6.269822514776265399e-01
4.318228939459173965e+00 1.208039717677698466e+00 7.788732005043954576e-01
4.179810460047069576e+00 1.402389361685387970e+00 8.049993815835528865e-01
3.406816144028136151e+00 1.092020964247947257e+00 5.350115862724841298e-01
3.425782519676191296e+00 1.190902840616355096e+00 4.667489647343707193e-01
3.501154224581526364e+00 9.022659834565215364e-01 8.037326262253949860e-01
3.318720574478944307e+00 8.571974240341717621e-01 5.141058680637002887e-01
3.106233426513705265e+00 9.462061299637587464e-01 5.346903446191444420e-01
3.136855486440763396e+00 5.848291365788320650e-01 1.028881509954638340e-01
4.113036302668511723e+00 5.692926177565299506e-01 3.407990882198353999e-01
4.290888078520235460e+00 6.210162590430047258e-01 1.077364682947708763e-01
5.687766763316538743e+00 6.124980770592388657e-01 2.982295762570856268e-01
7.705066232844696827e+00 8.717289118512535628e-01 7.299137888146332021e-01
7.010499981944749770e+00 1.189685025825573117e+00 9.001033695798755785e-01
6.661217062017735557e+00 1.342977393730823366e+00 5.195845775432417213e-01
6.319106273620303860e+00 6.278942087827460439e-01 2.239680101086233832e-01
5.656392062544910004e+00 9.548978502853380235e-01 -7.948928283671446993e-02
4.817763920051940651e+00 5.379624256057097265e-01 4.975010030913102343e-01
4.426750378696809207e+00 5.502441472769281638e-01 5.485576371892635361e-01
4.349471164380235955e+00 6.634546255053574981e-01 6.619190357815862846e-01
3.446067053965488292e+00 9.104896254259546851e-01 5.092920130145237589e-01
3.132145417244707630e+00 7.852503787028664028e-01 2.917843355217636381e-01
3.627994244202255913e+00 1.007290990445393941e+00 3.826187560031076851e-01
3.586683538344531907e+00 1.369941652304201396e+00 4.855193496057476077e-01
2.801989735257147895e+00 1.067026830839778118e+00 5.664284177143767973e-01
3.766623037568531451e+00 6.199299189952753864e-01 6.853852560541482397e-01
3.269737589775637776e+00 7.259263354909504251e-01 3.326603309528047281e-01
3.792080298027845853e+00 9.416797264714718008e-01 3.518347117804065949e-01
3.792581684081003157e+00 5.868858120404316647e-01 4.390530591658157733e-01
3.205556602412372946e+00 4.967004773620406488e-01 2.990640112038642773e-01
2.750365980947181654e+00 1.742482795622077862e+00 -8.957883564004320842e-01
4.703882912345846989e+00 1.267059217614767253e+00 1.374992109196121914e+00
5.185216071413713657e+00 9.283777673656876672e-01 1.197878611131764082e+00
5.211993872646282000e+00 1.121411914154843759e+00 4.402390194853146310e-01
5.026389029513163464e+00 1.047074318286671524e+00 4.403293546007858716e-01
5.237062068044789243e+00 8.164862025630208464e-01 5.165473084477599786e-01
5.040758912707307360e+00 8.486032749302743206e-01 9.376897770302713431e-01
4.795403164373797544e+00 5.338413299278004231e-01 4.963184535917439244e-01
6.175863494744610271e+00 7.833282076195754451e-01 5.226146757935785647e-01
6.651227977015746973e+00 6.239597270368408832e-01 5.354870539241624039e-01
5.903940728173303398e+00 1.080961526867264766e+00 9.459953394836992935e-01
5.581469507538568742e+00 1.458720434636362695e+00 9.118730492342616012e-01
5.362706638872301923e+00 5.877747274358247065e-01 2.439784598898923074e-01
4.864757383397286361e+00 7.077457721238656907e-01 4.724103405278612389e-01
3.165606063956810878e+00 7.944552487058098578e-01 -2.764372351328547861e-02
4.341074554053260037e+00 9.236304138753372861e-01 1.024928883606122554e+00
4.091756867186893132e+00 5.774043380840434558e-01 5.727128596877735234e-01
5.134898355321796615e+00 8.214573739626689353e-01 6.896762980728674552e-01
4.124880940682711383e+00 8.665794421243296908e-01 5.819296868801292488e-01
4.636319630386843471e+00 7.205193336006586735e-01 4.134541979183499194e-01
5.074384729623369950e+00 8.682104982243861180e-01 5.243907166417094423e-01
5.934698120062567028e+00 9.556870294044348402e-01 -2.107958155329262562e-01
8.732030597417628215e+00 7.941729017108227762e-01 -3.163489142770788964e-01
7.527717691778730291e+00 1.999830149185699124e+00 1.027890828428599690e+00
7.775415533471387697e+00 4.022197861702954125e-01 5.136282101461682181e-01
5.922940937167538777e+00 4.149993753278023445e-01 4.052406558459535901e-01
6.110553082602223185e+00 1.623477645385278612e+00 9.051906882127016551e-01
6.961173466446201274e+00 1.026295526879530851e+00 9.860382182065040579e-01
6.865050921314230337e+00 1.048034262116197102e+00 9.863597077365001686e-01
7.754020722593622850e+00 6.680988329910260148e-01 2.504632975888981816e-01
9.006808943827220304e+00 7.343537992408025739e-01 7.370422113998944535e-01
8.478330269583327805e+00 5.174650056466367776e-01 4.369614816132181834e-01
8.420970979703167103e+00 1.158203186129506346e+00 5.186258707665353240e-01
8.687818426163486762e+00 9.824973545848868506e-01 7.735045193309710854e-01
7.952933578284493876e+00 7.823393796101387743e-01 5.848315203112575134e-02
7.498431967609898940e+00 1.046210231916765210e+00 -3.760438824275127989e-02
6.914581614901215367e+00 6.412552689535870876e-01 3.083233170945810508e-01
7.026174867769786836e+00 8.326525142393419454e-01 3.487567151310822511e-01
5.029976282674486932e+00 9.048089205059097750e-01 -2.525472574851800323e-02
6.144223773215335527e+00 1.056919975098678410e+00 5.918683745364630155e-01
5.936222027024662395e+00 6.856519272478962534e-01 3.778979432368260727e-01
3.984826363112858427e+00 5.585483524333345606e-01 6.001097012904749173e-01
4.131866138823836465e+00 8.776051801859110491e-01 5.528143682375140644e-01
4.703849659808953199e+00 1.247258841071699820e+00 -1.958394378206163022e-02
5.287138324247157684e+00 1.729021319426021330e+00 4.572399816967183672e-01
4.595563827271841539e+00 9.635738373297514370e-01 1.056157843485132863e+00
4.216939752806813324e+00 4.143641021768741384e-01 1.060177209524860720e-01
2.910962190018575590e+00 1.244483441420502823e+00 5.408167179278131620e-01
4.518191291376764340e+00 5.937393568275948219e-01 6.646214804675542043e-01
4.576634672770511614e+00 8.834787665821248748e-01 6.763009455944705151e-01
5.875657063828401583e+00 9.006231884743806093e-01 9.924949348828593365e-01
5.921933555839127727e+00 5.778273310200453539e-01 2.239635508517006102e-01
5.435787239134011628e+00 8.872199104045515039e-01 6.442996686421873509e-01
5.215603369490899865e+00 5.347544886636450556e-01 3.965657886224879247e-01
6.494309861974024045e+00 9.061314337770811633e-01 4.886664857782241356e-02
6.748393832827216166e+00 6.337799702419375514e-01 4.513089663456945066e-01
7.599897601327314511e+00 5.896048972078240524e-01 5.193083931989783686e-01
5.569749172656656810e+00 8.829777304415187267e-01 4.751430170139084308e-01
6.680871534639214460e+00 8.737318284592773265e-01 5.094772497148296608e-01
6.640861960538915199e+00 1.093470518586581619e+00 9.101281130177163448e-01
6.622617449324679662e+00 7.490131973280849120e-01 5.451307218382012154e-01
6.451391996040551469e+00 5.620546813662383734e-01 5.655765171610425135e-01
6.380446574546950522e+00 1.085103902310013524e+00 9.036144937796075638e-01
6.350592286459611380e+00 7.839387523086610576e-01 3.096989353206780482e-01
5.197335022713849284e+00 6.107730464363213541e-01 3.839551255151780751e-01
5.667128535806900125e+00 6.316012434710377432e-01 3.161359884287870958e-01
5.147318177455324495e+00 1.102336587082147767e+00 4.375208824168897448e-01
4.650150938236347287e+00 9.869787200609944078e-01 3.055851543013499150e-01
3.665405500653502013e+00 9.230090712151887145e-01 7.420062832229585847e-01
2.867488355613976303e+00 1.267351002409796479e+00 1.127476865044710896e+00
2.281497360426286036e+00 1.138500751197122574e+00 1.125608035575781152e+00
2.383773611022465211e+00 6.682699851366029620e-01 7.372944410546595773e-01
3.770978347443615597e+00 8.978072799143008709e-01 3.925330705151803823e-01
2.366730099706987112e+00 4.550025773242705185e-01 3.969881038314793109e-01
4.089107304188959624e+00 1.114755156294664040e+00 5.176511054873421669e-01
4.940629573669939489e+00 7.995181986423660625e-01 8.643908574047229898e-01
4.826797452075942907e+00 1.265963635276782906e+00 1.484818800667005334e+00
4.718639463440807091e+00 9.345607969615605803e-01 -5.858465906465428752e-01
5.126834775391172272e+00 1.256274541093856056e+00 -6.451081929839592721e-01
6.124161111027911275e+00 9.613026160308490997e-01 -4.916879585088725912e-01
6.468902799531738523e+00 1.480589960988285325e+00 -7.470780543979971267e-01
7.717901028520595119e+00 2.307415577641835469e+00 7.057567799083477311e-01
7.018361770782851394e+00 1.231998320054997098e+00 4.895375397853080068e-01
7.498991554694232953e+00 5.522868850695410448e-01 3.303354200542655272e-01
7.490119830010168123e+00 8.701646941494682874e-01 2.047203973181915271e-01
7.372839795570821586e+00 6.297294118296606902e-01 6.881387854581593189e-01
6.852808148378059627e+00 1.055231122083322592e+00 7.520029770079907916e-01
7.596502518877159105e+00 6.251959405711682294e-01 9.838312465357246239e-02
8.143763334618729033e+00 6.539959243557416091e-01 -1.117461966564046172e-01
6.336977975847320366e+00 8.189532828496872696e-01 5.576065342736111763e-01
7.429003596133515686e+00 9.899127218833019271e-01 8.425826364372335231e-01
9.050318431705324684e+00 9.533789645695157633e-01 6.094534826979493003e-01
9.429490544808928121e+00 7.202172789917827833e-01 6.274259422164655264e-01
9.097383368095657730e+00 7.230096631100397797e-01 5.006622719431781388e-01
9.759410967301334949e+00 8.168570055332491364e-01 2.671794161064577344e-01
9.610709732260758642e+00 1.116367546099404473e+00 7.066708060833741811e-01
7.329543140902634590e+00 8.888044912382444540e-01 3.195278013677820828e-01
8.076154663153339186e+00 8.973770504111894253e-01 4.980386606494173751e-01
8.424242652439897228e+00 9.840943056409884315e-01 5.937362134266904734e-01
8.157493284319063065e+00 1.246435012971702783e+00 -2.465177064854577882e-01
8.505405219741954070e+00 1.157060759418695017e+00 8.024343426252946720e-01
6.578997385073888537e+00 6.955500826323273156e-01 6.132966957311787315e-01
7.020462361925654982e+00 6.301511356394290386e-01 3.163451691273549971e-01
7.040794093552722899e+00 7.392395046509114831e-01 4.763197004229922649e-01
5.805520322425001822e+00 6.237797558371664941e-01 5.252603204693350181e-01
6.670790423478674569e+00 8.340379026578308430e-01 9.788041709930659362e-01
6.037995590067477991e+00 1.012467236244204871e+00 1.179981412910764638e+00
6.334896320798506508e+00 5.489382341439686952e-01 4.503031951274883982e-01
6.668296879699159518e+00 6.573903240049658869e-01 7.145713889752096648e-01
6.370770595623173271e+00 8.699157510721969855e-01 9.276066272309397842e-01
6.222161377496670198e+00 8.996773392955341730e-01 7.125983922836272022e-01
6.562583297428054685e+00 9.462608921106212545e-01 1.168436619717523328e-01
6.941819868090137291e+00 2.056174102618095301e+00 2.268023052096260206e-02
6.008104424112564068e+00 2.844626752384748158e+00 6.470934880036496306e-01
6.084487160499174152e+00 2.535672476530283603e+00 3.073140013367436918e-02
5.631638528284049983e+00 2.024341368272888353e+00 -2.857188526206024259e-01
6.794776875302066976e+00 1.211874362048694476e+00 -5.336254049138990929e-01
6.644061382422860262e+00 1.351550881140117788e+00 -5.799291954152021589e-01
6.736639828779653172e+00 1.312069286878002172e+00 3.081028351728080095e-01
6.537665966831360365e+00 6.397870869679797012e-01 1.355538475571699819e-01
5.433905693316217089e+00 8.549076820321350745e-01 7.598969685199055135e-01
7.437245816426273137e+00 1.455361410661240917e+00 1.151904143178185125e-01
8.457602705312242009e+00 1.635980832998779055e+00 5.423427816501835003e-02
7.362579687218829605e+00 1.505154733255217092e+00 -2.726494900868338123e-01
6.218177215860880125e+00 1.078234027999605438e+00 -4.674012209008738816e-01
5.853643361255469024e+00 1.345171006863238317e+00 -5.275462534824347793e-01
7.042667509157527483e+00 9.064978058355113166e-01 -2.206388847701534761e-02
6.008309929937394323e+00 1.329368416349070880e+00 -1.776540301903749564e-01
5.804409129038933024e+00 1.299055956002999279e+00 7.837994336198066403e-01
5.664298624507292601e+00 1.216502693429580173e+00 2.070286110432114635e-01
6.961867887072945571e+00 1.079354150333854401e+00 3.433234997223353346e-01
7.287771620362812008e+00 1.345077998199649238e+00 4.789355761704374159e-01
7.829215924141141869e+00 1.046901863567040625e+00 1.126985304190829762e+00
8.612382629942610279e+00 1.310794930631626665e+00 3.471531964349622301e-01
8.714702739042555990e+00 8.064365969759580421e-01 1.108919414577328899e+00
8.016324473670872308e+00 1.136587055336105268e+00 1.130914201414637166e+00
9.280612136816683844e+00 7.507775393171798317e-01 8.664643010634033304e-01
9.756832234484036803e+00 8.156393026949121383e-01 8.661322028292297581e-01
8.971275912401452501e+00 1.060820687413323249e+00 2.708840021623611927e-01
8.618444163053769813e+00 1.061843139473188868e+00 1.396353760614905681e-01
7.172142355280179515e+00 1.034820851349096849e+00 -7.175933229630171439e-02
6.168911875112192966e+00 8.950268563610352945e-01 -2.908763049679892743e-01
6.060266321315520344e+00 9.116244014063250578e-01 5.663502221416252258e-01
5.627255506405557384e+00 8.448527822623245198e-01 3.645195861792079883e-01
4.280481022276552139e+00 6.119408131205199552e-01 4.962417447089090272e-01
3.496845928550003091e+00 9.607642489654835138e-01 3.077438088871591315e-01
4.286834498971659357e+00 6.949285874995990708e-01 5.854845742783144624e-01
3.976601031404364939e+00 8.207519633037693163e-01 5.357481710298148680e-01
4.503369008934497764e+00 8.225700194967144885e-01 3.544331033943641796e-01
3.848629547466350331e+00 8.215899498504639631e-01 1.128844403640170579e+00
4.162825045863722373e+00 1.475647925156862161e+00 9.184079325059978371e-01
5.119700813998822930e+00 1.385536461290494792e+00 6.149871156944364259e-01
5.516914933227119455e+00 9.549040138197928407e-01 -1.953644684449930002e-01
6.269804229212945224e+00 6.077092127208199024e-01 2.394794697371262493e-01
6.518295724969663141e+00 7.294934360670702889e-01 3.182081486758295830e-01
8.250987369024713303e+00 8.746407050844069442e-01 2.579505607959283187e-01
7.605600348014171175e+00 7.437321664381882913e-01 8.320964379939017608e-01
5.511693364086745817e+00 9.762256904373555200e-01 9.383040487173538446e-01
3.714820270785771594e+00 1.204041901770154466e+00 8.756306147926421479e-01
3.670438214740338712e+00 1.062933718839960573e+00 1.231297267949418961e+00
3.271075619332688866e+00 1.573603156755330357e+00 7.292232185771393427e-01
3.310117810086258050e+00 6.527099115397343443e-01 9.494048336966052215e-01
4.479574401388545901e+00 1.889957991628070211e+00 5.575726812248882336e-01
5.974672736284651897e+00 2.211484108036397611e+00 5.274165886623258803e-01
6.441686758274907554e+00 2.381157886675135948e+00 -3.333092421395295046e-01
7.003712700436716787e+00 2.145377541943691568e+00 -3.696965103940186292e-03
7.006979809663965497e+00 1.138425335408680183e+00 5.501514644052907244e-01
7.664730272104418596e+00 8.708044590190883172e-01 4.142135695002657769e-03
6.135275500938568882e+00 1.160254065327331219e+00 5.561167321841473665e-01
5.100965121600903984e+00 5.622740599020099594e-01 4.395278877801361284e-01
3.824156841949800878e+00 8.393062351471717308e-01 3.790465332466835258e-01
4.120099258943874077e+00 1.541878496763692041e+00 1.655073918505451047e+00
4.241056007210190160e+00 5.511221969163958567e-01 1.133457407114430993e+00
4.440580497396595661e+00 8.836581755149977013e-01 1.231148192584806011e+00
3.379900295366637053e+00 4.175462018527305030e-01 7.975290948955660042e-02
1.829153146638875738e+00 1.492742472320787162e+00 8.743848127542105386e-01
2.281565471051590688e+00 1.215983220401537057e+00 1.142716587325600219e+00
2.947415644458886153e+00 8.890932491806184945e-01 1.279566147410422516e-01
4.003619797946781134e+00 1.091281890715004366e+00 4.933322471731503289e-01
3.855930171137055051e+00 9.978116087350940022e-01 -5.682140306093491633e-02
3.310291731539233506e+00 1.094834792857185102e+00 4.974341678663583566e-01
2.384475524689085635e+00 4.704792815001676010e-01 1.060615364679662331e-02
1.266860976902436597e+00 4.963091837161039410e-01 2.925344542355625688e-01
2.019928195445425345e+00 5.725513016801646593e-01 -6.716204438205636285e-02
1.993504013834814792e+00 5.055561272838691167e-01 7.293980037566740737e-01
1.378430276674884380e+00 6.848913652214987380e-01 5.539653573211247295e-01
1.673964574174501063e+00 6.854265787107399754e-01 3.028300374532144623e-02
1.153825568959804038e+00 6.472960231509038431e-01 3.430185386175473305e-01
1.957954639345751424e+00 4.296522343330007043e-01 4.808867709542392621e-01
1.860772529684374454e+00 1.992145787220611197e+00 8.502767469978761428e-01
2.734160721666307303e+00 8.499680567472489567e-01 1.601772088811109329e+00
2.035248469032939322e+00 1.285401078648124473e+00 1.051391116952067772e+00
2.167699025540143154e+00 6.876135848380735549e-01 1.001882692930450069e+00
2.737183991234594771e+00 5.794219090131160765e-01 -4.774361720505604367e-03
3.611121114241828689e+00 7.923086533155966338e-01 6.680824353240131241e-01
5.008103631179813497e+00 1.140527879859717153e+00 3.758497817108178429e-01
4.644111339624565460e+00 5.837415373579551980e-01 2.308832483407840530e-01
4.956435119993883198e+00 1.465517554820901625e+00 6.323519077699950586e-01
4.161258766343398641e+00 1.364346750691431520e+00 2.810247717374321774e-01
2.989201918540762115e+00 7.564008114871814126e-01 -1.678292947139562452e-01
2.589874663902673735e+00 8.763625666306513740e-01 1.509795137635948636e-01
2.853735413985843294e+00 1.056829784292737884e+00 7.170513038771503256e-01
4.014408146888599482e+00 1.244456652146225251e+00 3.892099381214665366e-01
4.782290294219068372e+00 1.148003531853153403e+00 -1.899538066183873442e-01
4.434138145020836141e+00 6.467370954973468145e-01 1.381302718187320533e-01
4.327461727723829199e+00 6.854563157986525157e-01 -1.884051165708752196e-01
5.525433876707797509e+00 1.643369180902662929e+00 3.702025509470581177e-01
5.613331153854011824e+00 1.560924548153781899e+00 1.409306009268715687e-01
3.663225968317340708e+00 1.132824783296194848e+00 -2.877128523622040079e-01
3.407401395597961180e+00 1.053156097264779323e+00 4.890261733852202530e-02
2.915730691099597038e+00 7.253235377511073612e-01 5.042360268917288613e-01
4.588454711748541470e+00 6.952267434713808036e-01 1.379044686438101186e+00
5.838096275867050267e+00 1.713858855820917571e+00 1.320600450595877717e+00
5.279933423225016575e+00 9.934214977587259021e-01 1.821520017223216215e+00
5.921878957285759526e+00 1.880699933798382517e+00 2.313091788963606454e+00
3.745320365300722099e+00 2.001890609770671237e+00 1.969629290302355340e+00
4.626740057380930082e+00 9.225780797738383221e-01 1.721835753241756750e+00
4.278463534891570497e+00 1.475085108611617013e+00 -2.248355570734679176e-01
2.623810088669707774e+00 1.549079506799834194e+00 6.488185867809365126e-01
2.747432618475624366e+00 1.489440065997948759e+00 4.696780237314702733e-01
3.181522097975554964e+00 9.954098534091140316e-01 6.620607956238308001e-01
1.778512155038532105e+00 8.002828233405387959e-01 8.847826820351774035e-01
2.396517035443568311e+00 8.673654237451211557e-01 8.289368917486423793e-01
1.848299231272529042e+00 4.023995220977807374e-01 6.125479641226256877e-01
2.002933504811448717e+00 9.073164757780927125e-01 8.738911921400517313e-01
2.829422652598580168e+00 1.190881082959553083e+00 3.758174017067844597e-01
3.168403015865894901e+00 1.554951321332299186e+00 -5.413965878357034356e-01
2.884621059253118514e+00 2.065710765389392023e+00 3.658095689897253866e-01
1.463195599057413032e+00 1.321165980104744619e+00 -3.130488131894981763e-04
1.920599625653612641e+00 8.717568429261888241e-01 7.836686942344525675e-02
3.890850586595586691e+00 1.757471338104186653e+00 3.475359587216593216e-01
5.069444854613804452e+00 1.754417990079877754e+00 1.062863381049418354e+00
5.081323611166560283e+00 1.514567227388220472e+00 1.430088160726395996e+00
6.176923226027380309e+00 1.699302195766692725e+00 1.325106774724081227e+00
6.135297254907373876e+00 1.573749827152173708e+00 7.058869894292356673e-01
5.292636835033267317e+00 4.222547827329079517e-01 3.634418837783494616e-01
4.614876613770966252e+00 4.561448671936272348e-01 2.177533833117223372e-02
4.812385930324473371e+00 1.822878524681749601e+00 -1.248137268640995279e-01
3.398984428771447242e+00 1.345247196849827187e+00 5.179904338741682102e-01
2.989543960715068671e+00 9.049470251760862727e-01 -1.605793088517259992e-01
3.650788209690546182e+00 8.701732561827971724e-01 1.720785966547082602e-01
4.032160944643765177e+00 7.790604411138257746e-01 -1.130942302155055756e-01
4.780875473446947410e+00 6.549290996293870570e-01 8.119037568730352872e-01
5.735831044520998567e+00 5.130060230328330473e-01 5.820846546637303831e-01
5.016840692524523249e+00 8.344244586883442505e-01 2.887101191103680353e-02
4.754161538520798480e+00 9.921024136613050270e-01 3.944325754048930710e-01
5.258378984823166569e+00 9.048129478972735118e-01 4.070606605854635851e-01
3.674977604220426741e+00 1.077773733818508051e+00 -4.118271085149277644e-02
4.717298193644497317e+00 1.237166166087428687e+00 7.460294083911120921e-01
4.635120753247634617e+00 5.428309799350230502e-01 4.613129398348464472e-01
5.457694706523958494e+00 1.215098867607252053e+00 1.681262448845175506e-01
4.636824945946717236e+00 1.219404716270956035e+00 4.485813540891248619e-01
4.261862101410763159e+00 1.267714184987253967e+00 8.152154345690754145e-01
4.424736738886824838e+00 1.019504937410322221e+00 9.404507685123770777e-01
4.605808626322726695e+00 1.258663026123989281e+00 7.417415382073366814e-01
3.168392768303555318e+00 1.164925979523595334e+00 6.763974028549879502e-01
2.781534673070975128e+00 6.507785329010545849e-01 9.212190990789723699e-01
3.634227634723453004e+00 1.211135038862042546e+00 3.632445690249763715e-01
3.283358178541943673e+00 6.270968202999596119e-01 5.848370722762366025e-01
3.408104794595220088e+00 3.723690341289132566e-01 7.564126485300302072e-01
5.333507715187487896e+00 1.127921606724402670e+00 -9.267997926116677831e-02
5.331427817925213475e+00 1.136635674002993923e+00 1.668204874057924170e-01
6.096027996710970953e+00 5.753795686876973514e-01 5.178020481470054781e-01
6.583883867092813702e+00 6.012087399130391363e-01 4.957536912340666513e-01
6.311523867037061919e+00 7.896726704424965604e-01 2.018382295978561336e-01
5.922344435332455248e+00 8.302926178432707971e-01 7.945462293848964963e-01
7.711424954199913806e+00 6.868783248021990140e-01 3.979046586975163446e-01
7.919533663336551399e+00 6.551840252495346739e-01 5.086150402667470871e-01
9.810652523018518423e+00 9.462461334330553031e-01 2.185085765593408058e-01
8.348393637984903748e+00 1.197224399936179129e+00 -2.948168624422478623e-01
8.136145731660912261e+00 8.681544199768920222e-01 -3.997047219130208662e-01
9.981049182310998802e+00 1.234930535755641490e+00 2.304948960448200967e-01
9.825210074975583296e+00 1.150847331059143608e+00 9.990815216018839040e-01
9.447273620797659532e+00 9.808884776943788131e-01 -2.198543528517841184e-01
9.622846428519270745e+00 8.394722518516573029e-01 -1.908923680431442171e-01
8.994101828548796362e+00 1.221811991215620230e+00 2.273613000461493228e-01
8.788049192915572405e+00 1.216809030842698869e+00 -2.551913529844261896e-01
8.131802296492340432e+00 6.789803824986351266e-01 -1.436780602943865115e-01
7.824362525090452714e+00 1.050120656549646148e+00 -3.252018353155229358e-01
6.776995054124967943e+00 1.127759124740639995e+00 6.922043791664161949e-01
5.038187739212419025e+00 1.107547647371698529e+00 -4.604319423244768172e-01
3.907623842626969157e+00 1.584521888334772477e+00 6.684325731477737120e-01
4.510991085283833080e+00 1.205612221377698301e+00 5.569162261794139424e-01
3.199347460073490801e+00 8.446356639464426275e-01 2.006869302550645662e-01
4.602448680850224960e+00 1.120721110799987486e+00 6.920916349084551555e-01
5.780559695279654520e+00 7.689018317702334127e-01 4.917509230747386662e-01
5.626679106728157187e+00 6.946462463465116199e-01 6.888659256162698030e-01
6.958610448268675697e+00 1.238927256496648699e+00 1.948269827446883484e-01
4.915759046282047962e+00 8.773639085288239547e-01 1.086224168170461191e+00
3.475769688779057454e+00 1.218194685772407970e+00 2.276682134540575220e-03
4.318084106372193531e+00 1.389298709928130204e+00 1.456566661418491337e-01
4.776175019968963653e+00 9.545272702836711254e-01 9.912623149752263219e-01
3.991346706884093987e+00 4.263274695934822223e-01 7.307296177526767522e-02
3.324344224459089947e+00 5.503709239901153349e-01 1.574987501743178586e-01
4.310122164207813356e+00 5.318354100116327032e-01 5.101246594838986237e-01
4.066920722213105854e+00 7.106450714141403502e-01 3.839502787818139806e-01
5.276118190566588595e+00 8.109667561071619568e-01 9.671486885538945755e-01
5.910653612911382915e+00 1.106484973915823566e+00 4.748319015378897889e-01
7.321673440131861277e+00 9.501567965122874604e-01 5.284308318963888418e-01
8.460466514345762690e+00 1.149412127899988700e+00 1.049453250405845806e+00
9.340561868349356089e+00 1.210533667044736639e+00 5.503522519788955902e-01
9.595666245227249647e+00 1.127408110274925601e+00 7.695433489166236818e-01
9.725551971693047193e+00 6.759969634125247984e-01 4.690085226758093362e-01
9.703129728996213288e+00 9.144967305735964835e-01 4.449513134870972109e-01
9.035162864567645613e+00 6.854006713241747040e-01 4.556020207877733430e-01
8.485032346523933455e+00 9.319372749326398919e-01 2.561281330623218500e-01
8.628702502796588902e+00 7.148301097324346598e-01 -2.153435227388161843e-01
9.459269395457724272e+00 8.984599657144143325e-01 1.431952977064825938e-01
9.006670886396744180e+00 1.088087448941920554e+00 6.863182665953520001e-01
7.773418708981694181e+00 9.102060941647562853e-01 8.423604009219712863e-01
9.276585428461931571e+00 8.513764578295631713e-01 7.533922231553182858e-01
