3.000000000000000000e+00 1.000000000000000000e+00 1.000000000000000000e+00
3.316873055936476078e+00 1.098132289795654248e+00 2.480900768663020228e-01
4.229989568511462572e+00 9.514395590810094117e-01 2.839652681702830028e-01
2.352754169302381015e+00 7.400325903142663808e-01 6.003203801013812235e-01
3.221902491366747334e+00 7.088460873113459071e-01 1.246679143600930573e-01
4.482209825415595539e+00 8.858908134172274185e-01 6.229812548911797254e-01
5.271617280636133884e+00 7.614597983684614491e-01 3.906655157157709057e-01
5.339712966258469251e+00 1.180969869248378767e+00 5.798097247366313933e-01
6.171885204772879163e+00 1.537067314939054796e+00 -5.324721074187774850e-01
6.244465947343346812e+00 1.600216913134246077e+00 -1.598066131579602978e+00
8.147046777017234120e+00 1.381130667105860743e+00 -6.629939371576470952e-01
7.703222973805806895e+00 1.102778100058726451e+00 -5.063132234217154748e-01
6.645340413543956437e+00 6.380819612527962592e-01 9.868523446946581013e-01
6.498227355724968568e+00 9.188328088586601439e-01 4.300250024624246992e-01
8.215118667472509628e+00 8.648662630895546100e-01 5.059706698244048617e-01
6.560418680672745140e+00 5.459865295966044307e-01 5.577196846380328976e-01
8.000988908362549168e+00 7.245120105788045439e-01 6.243068199742486390e-01
7.316245916936791716e+00 8.559840846643828050e-01 7.438052929122621615e-01
6.935709508403768098e+00 1.239960011256006966e+00 3.350151177510420908e-01
7.608324578613628653e+00 1.314085924760075796e+00 1.525703060074897532e+00
8.070968377140648187e+00 1.435377541720299632e+00 1.217942058815677742e+00
8.192518451639681842e+00 1.709509097578056469e+00 1.068261254279654349e+00
8.920967784445291926e+00 7.406564915834004115e-01 -7.783330730313500201e-01
9.594446912807690353e+00 1.357596163198833583e+00 1.022877392293561227e+00
8.902306206715923764e+00 1.934881300615713284e+00 1.370394591749390933e-02
7.870256863122340185e+00 8.892134139787923885e-01 -8.166147870847179080e-02
7.384773728653169833e+00 7.357103597253014104e-01 1.165106001565266447e-01
7.749374071237561168e+00 1.031448241806528721e+00 3.752270967211215891e-01
7.837010350158700511e+00 5.722294311730260485e-01 4.372892914909197737e-01
8.194074721835470143e+00 6.375022123430916787e-01 4.772437385927952858e-01
7.550572804736415122e+00 8.672738445522389927e-01 6.511242617476682426e-01
7.152324460501384706e+00 8.853526347192615109e-01 2.051282064244211445e-01
7.932518178278314736e+00 9.756544365614051584e-01 6.854859292838160201e-01
9.064361169931684614e+00 8.094782347240887521e-01 5.290354569524795547e-01
7.580674717744150470e+00 1.186178164383264289e+00 6.639435595985687666e-01
6.615624568610381395e+00 1.021949527357718157e+00 1.711863939884454289e-01
7.434346084252193343e+00 1.329326187097400469e+00 8.977833868635567427e-01
7.375464799965484985e+00 9.524089896228131735e-01 -1.285907887554529339e-01
7.979654282875587867e+00 1.275170495630777445e+00 2.229832577493572887e-01
8.513484342778328440e+00 1.295507967369855074e+00 4.800198577204893846e-01
7.837167911473616577e+00 1.185466852653662251e+00 4.702189707235895910e-01
7.982164954657312350e+00 1.346362164147848262e+00 4.958135298396099677e-01
6.595838775852669755e+00 7.525514580209128335e-01 4.994127910425269490e-01
6.103625995036070506e+00 6.404714312234610629e-01 7.318155285750567174e-01
5.298992848413669243e+00 6.184519961758745410e-01 2.687282486999142406e-01
5.038893753440790491e+00 6.810144473603738646e-01 6.481023362198996551e-01
3.284088672338052906e+00 1.008538420533031665e+00 1.442545270571207849e+00
4.469097961700434496e+00 9.600892004948975433e-01 -6.814621958323008322e-02
3.980910744305755422e+00 6.949804924852567289e-01 -1.846260246356887791e-01
4.852805049470263477e+00 8.247991435743143862e-01 -7.918729289900741652e-02
4.934385083675497441e+00 9.003048316672852547e-01 -3.537354244442171280e-01
5.276473100952626893e+00 5.681192861375434777e-01 1.752083097141774459e-01
5.671727554920100722e+00 5.222359695086046250e-01 4.423556972199246262e-01
5.974294205429283799e+00 7.010956629515653349e-01 5.673771652319072878e-01
7.152277030150548498e+00 1.055717109343214721e+00 4.253166331055269755e-01
7.631742400735870291e+00 7.976652423339747333e-01 1.663076989862893318e-01
8.645641565906851511e+00 8.142966456495916994e-01 7.510747968136994857e-01
8.368579976326930847e+00 7.552618573853310258e-01 6.970700632532774721e-01
7.871777281346409971e+00 9.982921973394155435e-01 7.114746109689725762e-01
6.730130125145494802e+00 1.029092385279851918e+00 2.766426041174267492e-01
7.734966865847029638e+00 1.148244515642371288e+00 8.407293371348234512e-01
8.651226358580897724e+00 8.256361637110923857e-01 2.584239105339939391e-01
7.591656406452414352e+00 5.317883904753404334e-01 8.374785814045904164e-02
9.117866020956247652e+00 1.069898344618265273e+00 1.078348256971671359e+00
9.854556264404823906e+00 1.118054882743011680e+00 -1.795063570199559866e-01
9.811328282256354782e+00 4.641781865307755828e-01 3.202970365150348275e-01
9.779051924927708583e+00 1.153159351490674833e+00 1.131757231079627002e-01
9.596203023010366095e+00 7.176638130809679383e-01 4.567146315191445427e-01
8.610642895760415527e+00 6.223416945212231211e-01 2.964275493265332573e-01
7.915523877682570486e+00 5.877650222179677808e-01 3.990394279857745197e-01
9.002885224327739522e+00 1.018499282649570237e+00 1.741559032055699230e-01
8.967585136395168632e+00 7.879831954475691180e-01 5.239384032513965117e-01
9.648093945964582474e+00 1.072344265384913786e+00 8.618573250365939575e-01
7.562586297861954243e+00 7.756113723172927132e-01 1.118369918058775614e+00
7.818185761338452444e+00 6.505054285778264500e-01 1.058676156951750436e+00
7.937753683996150222e+00 1.597287449425036421e+00 9.673043411816648618e-01
8.634766150060798395e+00 1.074501148100886372e+00 1.033427897978088650e-01
8.521821430496508754e+00 4.943319162840190684e-01 5.055697434019812420e-01
7.540123552816808683e+00 7.650553112761687702e-01 4.430547696636472077e-01
6.818592781950769677e+00 7.227073846700946547e-01 4.654829467997262382e-01
5.324239036125578473e+00 4.931996098328660372e-01 9.248886521057382293e-01
5.292940284303764287e+00 1.309539007884665374e+00 1.276763878320622547e-01
4.864396306183031982e+00 1.611382374246595806e+00 -1.009512188262161603e-01
3.209803936415720926e+00 1.546061378398970954e+00 5.021003552973246631e-01
5.818225359689493281e+00 8.388460744048100715e-01 1.134571001641857979e+00
7.249654810375160352e+00 9.121282814486568746e-01 1.171891764626340260e+00
7.402370684165554771e+00 1.110239258284942965e+00 1.061721199722451825e+00
6.878323968905967867e+00 6.897693291008958338e-01 3.966573419760033303e-01
6.756518412342442659e+00 6.153553126146024121e-01 1.133662425819255359e+00
7.988943028333338248e+00 8.831183292674215091e-01 1.505361348151590395e-01
5.920430981672392790e+00 8.143684792261071115e-01 6.584947851529474594e-01
7.155037670986762244e+00 7.119288284843838799e-01 6.039626231060337691e-01
8.000559177406568523e+00 8.212338990149676832e-01 8.241354149617725611e-01
6.361106879168076489e+00 9.397613932827295624e-01 5.971835404904144440e-01
7.279451900115095242e+00 1.927307226072108248e+00 -5.093421078586548578e-01
8.245055904025976545e+00 8.638792992088883960e-01 -6.170580851177954740e-01
8.754517903668666889e+00 1.902876783145200923e+00 -5.914168404084717556e-01
6.635563383546386973e+00 1.764479957661742926e+00 1.381430046755853347e+00
6.064101940615008068e+00 5.539838428527144032e-01 9.657918724041311132e-01
5.120780971401650561e+00 1.700637638392406004e+00 8.929345194065309022e-01
6.185448400126068336e+00 1.457262395564959956e+00 5.639611223356324476e-01
