3.000000000000000000e+00 1.000000000000000000e+00 1.000000000000000000e+00
3.150502285780678147e+00 1.111146795903907636e+00 7.286708222083508879e-01
3.577661322178163239e+00 6.557139604212778305e-01 2.781016542069520425e-01
4.512217183906287232e+00 6.271589115180763452e-01 6.824720560521150281e-01
3.870458482509222087e+00 7.137722755110212924e-01 7.884527948260885433e-01
3.740066733011371269e+00 1.043325373217610652e+00 3.353001685641379126e-01
2.605442734810882399e+00 1.589538269810911508e+00 6.652291693648264559e-01
2.088585423463120261e+00 4.221750914360626883e-01 7.216796636851804392e-01
1.167088681627384661e+00 7.251990616407677503e-01 3.787368638052684977e-01
1.212804957294636665e+00 6.697005411700402977e-01 5.056736354760618113e-01
2.018429333672354886e+00 9.243058725300847822e-01 -9.259060128908636056e-02
1.947531930892388630e+00 7.128823409834827984e-01 9.347372207769687469e-01
2.860430977367212968e+00 6.187555072799016953e-01 6.673417774538408231e-01
2.658382701160452388e+00 1.122788973841318594e+00 9.231386473013867278e-01
3.544220993713446788e+00 9.844789302764762606e-01 4.331641735924200431e-01
4.216065850706286255e+00 1.490478594393354062e+00 7.900217905565558585e-01
3.804592219165341849e+00 4.408167407059131460e-01 4.959000627941644312e-01
2.106724304195233266e+00 7.028434507044507562e-01 1.955309320957726027e-01
3.010194504132461368e+00 5.999465945656075050e-01 1.837294035647222268e-01
3.353052368657778448e+00 7.012497872652561082e-01 1.797101671513894050e-01
3.200344125399586126e+00 1.150644672838934124e+00 5.530316766106079251e-01
3.092166472593326443e+00 1.275887155885569113e+00 5.263130981797592423e-01
2.186596026903093293e+00 7.041685633994215765e-01 3.445163839203471134e-01
2.171250448261278887e+00 6.101602822037628382e-01 3.602995037789858968e-01
2.119736558591954978e+00 6.394519415568091780e-01 3.160074375616953035e-01
2.262108335565695683e+00 1.212763450930571363e+00 3.573368509309562402e-01
1.594571523884079856e+00 2.907301697583415390e-01 3.887415247472651991e-01
3.683916588753207488e+00 5.269367867549858975e-01 6.511293801769648670e-01
4.940630321137566838e+00 1.096549628433928891e+00 3.549971030019880569e-01
5.685216289633155284e+00 9.594528400293070858e-01 7.647599175701234042e-01
5.949772142728600777e+00 1.163655590282122843e+00 -2.631279232002448065e-01
6.097615287592705435e+00 9.086722634114372532e-01 6.154915960601428093e-01
4.963593474760507718e+00 2.193000013614104571e+00 1.080276260910904895e+00
3.977058065400816300e+00 2.672267293762805807e+00 8.555920109572098253e-01
2.148531676092227283e+00 1.325331915141116035e+00 1.395443700547816634e+00
3.043422375699162963e+00 1.542834469737159431e+00 6.507063373217705227e-01
2.831020284017929711e+00 1.284309935922187007e+00 1.312291950923986761e+00
3.043785529363836950e+00 1.065758647991560171e+00 1.289610037105011653e+00
3.577862894816560502e+00 1.363503965732772771e+00 1.258293144685054266e-01
4.686618506484188984e+00 8.706797586541141776e-01 6.805944754396439644e-02
6.801274831143619082e+00 7.196728776945084949e-01 8.120680125546213546e-01
5.982609300523865414e+00 1.044940450717642078e+00 3.546216665862783612e-01
6.290224873809425965e+00 6.673535285530969308e-01 8.689960821849308514e-01
5.576265623067016897e+00 1.512475669028044978e+00 1.613447690268353663e-01
6.220170327744914296e+00 1.444468252422437704e+00 1.399190455668249955e-01
6.970872047336300170e+00 1.019508360849638251e+00 1.016334434322013758e-02
6.886485767981924688e+00 1.102339326857490587e+00 3.251663757642464514e-01
6.886873593230661506e+00 9.514364746914745208e-01 4.823168313660425865e-01
6.511101389881678969e+00 9.099278319578094631e-01 4.724001590393434036e-01
6.653921026056949017e+00 8.697610992191768808e-01 7.585310842400198039e-01
6.082402482592033977e+00 1.009721998567114198e+00 5.690530093561253500e-01
