1.000000000000000000e+00
1.055133186153194291e-01
1.798356399135231376e+00
1.972699813861546136e+00
1.145675302655341010e+00
1.047772931808657937e+00
3.029225285999450623e-01
8.162059076328915808e-01
4.581576133407200269e-01
1.280515312352121349e+00
1.616152460534939328e+00
1.276677430834656679e+00
8.614108880150838088e-01
1.441829706358401131e+00
1.108803049777420835e+00
1.823674243606748124e+00
7.542072548945346622e-01
1.059944389584376978e+00
7.851175651639181741e-01
5.924541033463887052e-01
6.146679767788405524e-01
3.459599820716259266e-01
9.197601884839894382e-01
6.341289821657762893e-01
2.395654786697771765e-01
7.381532027305379717e-01
1.467528778630763586e+00
1.351127115198673456e+00
1.922302323170142158e+00
-4.680942753994854488e-01
-8.909328245477288188e-01
-3.653199482137897691e-01
5.307162290173303987e-01
4.791865962661723266e-01
1.028089315882645405e+00
2.725323085529459011e+00
2.722655341303700904e+00
6.380289044753602035e-01
8.664339757205858916e-01
2.550270613777441131e-01
1.518222135750504798e+00
1.764837267447368907e+00
2.074391747110504891e+00
1.302314621166834829e+00
1.524394807198474533e+00
6.486487280430571767e-01
3.341386206127124892e-01
2.277843757859892293e-01
1.540183447488260526e+00
-6.628139102089303236e-01
-2.689661292876438514e-01
-1.799813215502194530e-01
-4.321661035544133722e-01
2.579686752815563144e-02
-6.051432975582202722e-01
-1.512502345859850772e+00
-1.873400048632205994e+00
-1.438067432790519629e+00
-6.783881901641908296e-01
-1.361896644486085828e+00
-8.053397045367510776e-01
-9.228674959438398773e-02
3.141164660751109006e-01
8.988655284681789093e-01
4.775476769971644386e-01
1.113015423752657940e+00
5.956163099594947719e-01
-3.682352669401071088e-01
-6.141461086496019517e-02
6.264638053142201901e-01
1.004550447008675462e+00
1.773324572909920072e+00
1.376989876945697411e+00
1.208531870585126677e+00
1.476453391981354279e+00
1.642181648038774977e+00
1.566095349098633571e+00
1.351542619177163784e+00
1.264667075655037998e+00
1.292666836725773205e+00
1.868829680105005941e+00
2.594138414479494337e-01
8.409750981756960453e-01
1.882335369712976991e+00
1.349280966237944135e+00
9.687090618922973295e-01
1.521445135440811169e+00
1.291092216780196367e+00
1.057498948531862437e+00
5.454043679509011922e-01
5.740986058708539286e-01
1.465407790133191224e+00
1.068763937652501106e+00
1.272804577368038093e+00
1.234672538693665889e+00
6.421365631479247771e-01
1.252141597572477227e+00
9.974828068978618401e-01
9.188224023768416515e-01
2.312648122593938815e-01
6.721786172648556157e-01
1.391996252227659436e+00
1.114785818217416402e+00
1.951349938705339238e+00
1.328022214853851635e+00
4.359057047392078665e-01
9.005560797530627326e-01
1.146859165452623897e-01
1.997221704394532171e+00
1.731614652279869881e+00
2.474413125736993457e+00
2.171774000897857437e+00
2.727923862115410270e+00
2.333235313459159688e+00
2.156129714796741759e+00
1.693250477386622821e+00
1.747298166041747036e+00
5.693341204851267712e-01
3.928274037776646743e-02
7.985219141047342761e-01
2.025464175094109809e+00
6.386670905701481438e-01
1.358991239517935767e+00
6.207004659975440264e-01
2.189521919063834865e-01
5.228270006269930548e-01
6.978924699884520022e-01
5.200416950642322567e-01
1.034687714815685000e+00
1.853977195337319639e+00
1.165703862133004698e+00
2.138891382490899495e+00
1.823134427794007584e+00
7.675794692278745668e-01
7.205097814103142984e-01
1.880455241294888280e+00
1.606853075274168097e+00
5.903547795320842617e-01
3.569388458874248604e-01
4.784134138174133133e-01
2.207287953495839616e+00
1.829378714947015316e+00
2.438550070998145358e+00
2.592404309197270607e+00
2.807292350891775534e+00
3.331893830360581177e+00
2.728428664370021739e+00
2.755529992920398019e+00
2.863651624644060867e+00
3.049852135431668998e+00
2.454782819122415916e+00
2.893834990614832847e+00
4.233256681719070436e+00
4.773419687522611810e+00
4.513836926470183641e+00
5.285158057349091720e+00
6.075725715840448515e+00
6.442816907010350036e+00
6.649915935987969817e+00
5.935051801269749738e+00
4.484920183162582674e+00
3.553507819616071650e+00
3.252341703309132193e+00
2.923229833947082579e+00
2.884709320521497311e+00
2.023034105823758644e+00
4.427507448416052593e-01
-2.520232314440845611e-02
4.106263341229398622e-01
2.801983136093674220e-01
-1.563618885926111868e-01
1.867001400264787780e-01
2.162941880972190367e-01
1.155301875137281220e+00
2.034785839857607748e+00
1.460121147279998866e+00
1.573924033527296373e+00
1.117919709694246810e+00
2.136727259390154288e+00
3.635755949547419874e+00
2.724052368763438814e+00
3.066817275620617345e+00
1.670424757211220079e+00
2.535510428549084594e+00
1.275242607097684333e+00
1.596177446136291422e+00
1.413951797006510747e+00
3.940500657881342850e-01
5.970108543104268861e-01
-6.601151045623927516e-01
-1.903784214791862661e-01
1.044949056001472698e+00
4.711900439569247645e-01
1.279799813152922017e+00
6.938202552992452921e-01
1.895133696482997010e+00
1.448855402667124315e+00
1.386842333578038433e+00
1.508148321170981188e+00
2.391975764174383290e-01
1.425153273723508640e+00
1.473275760526436384e+00
1.050877097713123209e+00
8.752263666103385908e-01
1.068952538022385435e+00
1.332739839564036188e+00
3.194763595422587255e-01
-6.010222530349800252e-01
8.936771646811965120e-01
8.624809483383683029e-01
1.123243979200569731e+00
2.306286384738894135e+00
1.565702430734007500e+00
5.852546878126829721e-01
1.411907588406551284e+00
7.820721143233914097e-01
1.482941159653861085e-02
-3.086288658873116986e-01
-3.709898643957688646e-01
-1.157890855318100876e+00
-1.331206493404349933e+00
-2.199421682798036848e+00
-1.548428041301153524e+00
-1.751291528679999931e+00
-2.259783684756613287e+00
-4.034328745610145095e-01
-3.176934440943299798e+00
-3.251465237060796820e+00
-2.915886496899622315e+00
-4.668775387191717030e-01
-3.092105726303475688e-01
1.938117272785554457e-01
1.029525128790819588e+00
8.157998689314401863e-01
8.553186364184454105e-01
5.290700189726782465e-01
1.714470463131217093e+00
1.221649492156171579e+00
1.493373507616119866e+00
2.604522313830536895e+00
2.051974783877326125e+00
1.943607634597251721e+00
9.746043793104173236e-01
1.185867609774614584e+00
8.306676963287934479e-01
3.505400138322178893e-02
-6.062860528396982751e-01
-4.063773651808548770e-01
1.469438343916926737e+00
4.683977579185809592e-01
-3.603079998700715603e-01
-8.213046640704100287e-01
1.759775148943599765e+00
2.087408555328915227e+00
1.508750033962321879e+00
9.781533643665488720e-01
8.020855261232289202e-01
1.868325731820709823e+00
1.640305267981475801e+00
4.992732989097450336e-01
1.547491253839586856e+00
1.146177565938332421e+00
7.763642390828173756e-01
1.384998798009694498e+00
2.036496875914087568e+00
8.731531625815809328e-01
1.337433160323441284e+00
1.553282409804761288e+00
1.026860367770887184e+00
6.758772363493525948e-01
-4.341342996728030368e-01
-1.136371479446343979e+00
-6.041740238034835064e-01
-1.007314468371966143e+00
-2.814602241795286508e-01
-2.046386452301853787e+00
-2.985473326078757594e+00
-3.495822655097577503e+00
-3.425353555236819503e+00
-3.233840770776826634e+00
-2.912055385089794335e+00
-1.100394504346620561e+00
4.493597462543068577e-01
1.267033530989226664e-01
8.752243009454011569e-01
4.544087334997926053e-02
1.427486579082871465e+00
5.107035504866460629e-01
1.486812055202348937e+00
1.509374596003956182e+00
1.543736882741623573e+00
1.714667073845510981e+00
1.305141723612609050e+00
1.774131125050192548e+00
9.720448954033338307e-01
8.831431960183502294e-01
1.201838758303811039e+00
9.813587565768817633e-01
1.496585771032845624e+00
5.930047866344464458e-01
1.115414467205092297e+00
1.121559030067058149e+00
1.221570870588542634e+00
1.419785213165701165e+00
4.458506042067019726e-01
3.160895570340981342e-01
5.534354727927592865e-01
6.731225642005413956e-01
1.595675180148774741e+00
1.779634176326483130e+00
1.627192242692543367e+00
9.594209241723715698e-01
-5.558005864066090096e-01
2.172095063800164594e-01
1.023592376112589353e+00
2.759697185883982495e-01
1.457037104591657473e+00
-6.797787759491902282e-01
-6.384995740359605820e-01
-7.618975040467715898e-01
-5.916681155814100812e-01
-2.411049693142874872e-01
6.963921769181148358e-01
1.834072092607041071e+00
7.229701307045479641e-01
8.994442533682123209e-02
9.653023888577096090e-02
-2.198699151650305161e-01
4.443408500201342370e-01
1.395820127127575416e+00
2.943031099551591812e-01
1.464602614865244234e+00
1.381848219540458222e+00
7.261722713044671540e-01
9.041174507940903382e-01
2.257352814086079018e+00
2.591734764219695730e+00
2.209741088378333274e+00
1.722228698981047357e+00
4.092646945965491945e+00
5.563619204350386482e+00
4.275715736996634320e+00
3.035027831715146451e+00
3.589822193781113668e+00
3.004352481743180814e+00
3.606084598384480255e+00
3.459200513695094070e+00
4.152530571806641646e+00
4.763625777188531529e+00
4.990135245727372215e+00
4.736232230104542751e+00
3.807545898783807559e+00
3.973714549675252172e+00
2.400679069280373223e+00
1.650447751465820900e+00
1.278069835344204597e+00
1.595684123849296920e+00
4.858757787803891226e-02
6.455575782294380449e-01
6.196057809492635515e-01
7.924240744929256230e-01
1.032304879408707965e+00
-7.357017083407757507e-01
-1.208287517491099861e+00
-2.053742807682668481e+00
-1.021688068291303875e+00
1.504842310884201062e+00
1.321748731791437370e+00
8.854445904876221407e-01
8.520032245468528442e-01
7.669917250069067105e-01
1.458569614324268571e+00
2.468824343442926672e+00
1.137593562109833423e+00
1.188945887840272775e+00
1.377521014840759506e+00
9.149870408516298514e-01
9.818247598512586105e-01
1.736781547985093432e+00
1.718657635901289948e+00
1.634814104998463913e+00
9.163174596110036374e-01
-8.360236670371223866e-02
6.820833745295380446e-01
1.039110641617674080e+00
4.330721793643982354e-01
9.498451092605623147e-01
9.479096167405666185e-01
2.035354630464935255e+00
1.937650715952320635e+00
2.118458876787769452e+00
2.140287162521540942e+00
1.959286863046616700e+00
2.861486008701987327e+00
2.340994549938832492e+00
3.024582132590609262e+00
2.048651927385033211e+00
2.279821289852885347e+00
3.172176610829561927e+00
2.512285277690494478e+00
1.741902469872822934e+00
1.141985237250565222e+00
4.879192766259045078e-01
-1.758887151344079580e-02
-6.320178871908407325e-01
-5.926321793500246571e-01
1.619930516314846081e+00
8.389419110741748176e-01
7.969665863839168196e-01
1.142601995268413440e+00
9.057682085539148220e-01
1.907402008165364649e+00
5.880064802546354219e-01
4.865092396352881376e-01
-1.703416888424036379e-01
1.895371654861880417e-01
-3.308539442171068434e-02
5.190154328103452341e-01
5.409130425180681545e-01
8.349901298251296566e-01
9.453736459649230151e-01
9.234081408105387911e-01
1.683706872060775961e+00
-1.637444186176884031e-02
9.691107685446219699e-01
4.134793433609540436e-01
8.638548189771955155e-02
-1.065427787979802865e+00
-1.553986340686451140e+00
-1.731928015612954841e+00
-5.632537657176177603e-01
-4.302768532239891197e-01
5.236946988448368812e-01
1.605725171256720873e+00
1.971439465312865291e-01
5.102156468919059051e-01
-1.061005239030520242e-01
8.276239804204885697e-01
-1.004360419237847690e+00
6.202237063297382225e-01
1.533090595791536170e+00
1.565768224148091914e+00
1.245403614644434720e+00
9.993676839820980762e-01
1.501844852383802387e+00
2.550916171372640484e+00
2.486205223128359787e+00
2.563549482103538502e+00
1.278071615219467327e+00
9.900674462457985658e-01
2.319071171659495834e-01
5.582888389530055173e-01
1.775217582402065730e+00
2.282203530906659061e-01
1.000074591676566094e+00
9.404710580033411871e-01
1.236127387229417840e+00
1.466909138334692608e+00
1.725529129045769272e+00
2.457673044564090414e+00
2.953469977184487227e+00
2.842576886580429285e+00
2.794223307601241935e+00
3.170015868404759907e+00
2.011764972010723795e+00
2.979292185201984466e+00
2.943047520953082419e+00
1.497829751930750852e+00
4.167299612876678161e-01
5.678777952239705273e-01
1.184720035709977415e+00
2.003351953979457978e+00
2.092062225914077978e+00
3.600726112203481932e+00
3.027109228382772521e+00
2.215306028710814168e+00
1.617677567055738175e+00
1.394762058670397487e+00
1.291245022229931427e+00
1.101577920053225856e+00
1.358918428808221446e+00
8.371133502152890982e-01
-6.769917314424086507e-01
1.132436732456966855e+00
9.675561491317019591e-01
2.317452480541188464e+00
3.379984870337686687e+00
3.015508042623608720e+00
5.581534952919651182e-01
2.211751841034113930e+00
2.228359825738282840e+00
1.197436701470558251e+00
-2.821542897383308990e-01
2.545151768663861391e-01
6.397963759640046266e-01
6.928968146846662401e-01
1.569779179480043085e+00
1.408462265624474519e+00
2.093793018043887511e+00
1.468304913854385774e+00
9.846441079567196386e-01
1.033257472529451881e-01
3.628788056468755796e-01
3.272738692428230345e-01
3.984595813706174328e-01
-2.643993149782136731e-01
-5.968628938658377958e-01
-9.810240086532551196e-02
-5.792992044512931260e-01
-1.308749301953791022e-01
-1.191891798579261197e+00
-1.356608167994442171e+00
-7.912531074086950333e-01
-3.360945788716100391e-01
-5.103021444936739481e-02
2.099665585295732217e+00
2.184152538280260014e+00
2.138924457393489575e-01
5.064427466109232556e-01
2.038044878740528087e+00
1.789270020807589123e+00
1.589957208404288114e+00
3.220598520492068406e-01
1.705210186535540018e+00
1.813154144973333270e+00
1.376648971642291830e+00
1.651788422281139646e+00
2.268163187260879621e+00
-4.511544836965031280e-02
8.737146601392395961e-01
7.735926614595510786e-01
4.879053872432044248e-01
9.610792705613296905e-01
1.243773293116282819e+00
7.355648567399165616e-01
1.114577781175674964e+00
4.245413466288917581e-01
2.480883669700354177e-01
1.320878832111349155e+00
6.815817869140171625e-01
2.154510066129763923e-01
1.544427979517093874e+00
2.095217271245227053e+00
1.987661490109834839e+00
1.838632740231584961e+00
2.662813697033868721e+00
2.416875118120172417e+00
6.369144048419803639e-01
6.028918798958916581e-01
2.913780938404881837e-01
1.730090367561180731e+00
1.534535082780182025e+00
1.627370213211380978e+00
2.772457656270312487e+00
2.709281424516382764e+00
3.550562640270502612e+00
2.945242958678419232e+00
4.077895762992124418e+00
2.486531452305879242e+00
2.649926992325810193e+00
2.333854281543519260e+00
2.918564126832762007e+00
1.940043274598377998e+00
2.579345641922104804e+00
8.818468722422707629e-01
1.890843997970600654e+00
1.967054789806685466e+00
2.901101965493531054e+00
2.305412910548950478e+00
3.392913721652281112e+00
2.310979469693892341e+00
1.061305412501568846e+00
5.389848713553629933e-01
-7.558217863643790224e-02
3.462030980046161832e-01
1.224924720145624146e+00
6.080383735276410073e-01
3.526843542190554182e-01
2.620955285667941892e-01
1.273613243738872747e+00
2.378725426748780514e+00
1.081763876302397565e+00
7.437703008497464907e-02
7.825548615405897301e-01
1.263314760789326918e+00
1.104513195857007801e+00
5.478226009333804214e-01
1.933682424019772084e+00
3.114032154167530209e+00
2.886895059013995013e+00
1.863905333070823511e+00
2.186562960371029263e+00
2.001764720222479532e+00
5.831891750927176155e-01
9.035809902068510091e-01
1.702274493267267541e+00
1.907979770905684935e+00
5.162400287428712264e-01
5.887121237274060004e-01
-1.518095343487522175e-01
-1.430346443467178374e-01
6.107365577559107361e-01
1.093300176221029707e+00
1.392316127746842103e+00
1.479283595855128697e+00
1.275271520089509503e+00
8.987487934886413399e-01
9.204096568255247801e-01
1.554783017223797303e+00
2.977406879563917919e+00
2.098028478524337714e+00
2.165815317457673306e+00
7.024214329065570084e-02
1.027849242996407009e+00
8.314447051705307068e-01
1.353831875105006244e+00
9.558743868832735302e-01
4.560442432561954140e-01
1.787466048077039460e+00
-6.571217644686981885e-01
8.034194813642225874e-02
4.757572182517884052e-01
8.927574339463244524e-01
8.722965025943515416e-01
9.881246192316802679e-01
1.057992243968943757e+00
9.023159192750603852e-01
1.294315694094404723e+00
1.877526162378406749e+00
1.532412811934808161e+00
1.456081738594818153e+00
1.014410367975236094e+00
9.829714904241836360e-01
9.695811150008373236e-01
5.955034772661669251e-01
1.724400593866781906e+00
1.174954173374642696e-01
-3.872470118195400768e-03
4.774133368258534627e-01
3.383419685150711453e-01
1.069607890966561170e+00
3.557958207951242846e-01
-7.279105750178765932e-02
5.549129832543875374e-01
-2.772392276959751989e-01
3.557321725672742962e-01
1.438839531168014219e+00
1.044595467854782633e+00
1.904494184673996227e+00
1.598771073487700312e+00
-1.670111123800197550e-01
-2.759776899582558340e-01
9.875731887810028642e-01
4.001268662286804334e-01
8.932243476843124697e-01
-6.203406370803645764e-01
1.261815918805133663e-01
1.299226696233767575e-01
9.727530979618262963e-01
1.006307312443033952e+00
4.583092150862336789e-01
8.648641678930554244e-01
9.302439131141583273e-01
7.703343126311748001e-01
1.181213959501452138e+00
7.244602713702332775e-01
8.749180757798677988e-01
1.399522156746803470e+00
1.007923601958525817e+00
1.228916215759890740e+00
1.031363946604724191e-02
6.287279141624630974e-01
1.134547131821705968e+00
2.805786215281695029e+00
2.396081362916079982e+00
2.142996503804365904e+00
1.629627359046203816e+00
1.127400723195226107e+00
2.842334820919008909e+00
1.988409678527340407e+00
1.710872906331845300e+00
5.891805827104954485e-01
1.009131639464801999e+00
1.097517791145107502e+00
3.201046558043579848e-01
1.772091136390901323e+00
-3.864907549113145713e-01
3.044088324550653368e-01
-1.714281616869171021e-01
3.575147445922133294e-02
6.595299902945651604e-01
4.689092152311808426e-01
4.286799038123939587e-01
8.354998533871521582e-02
5.309222059398368554e-01
-2.819533284513924265e-01
-4.684937955768021522e-01
4.536188486294409072e-01
8.184447751215153666e-01
7.669894984078319267e-01
1.163978412912540783e-01
-7.813792627032412064e-01
-5.983191355931576361e-01
-5.698159930369992576e-01
-3.822228709415164682e-01
-1.929965709985418831e+00
-1.432346603711082134e+00
3.173877324856144710e-02
1.519429710329754657e-01
1.133637337063158945e+00
1.427063948907299817e+00
1.326170175450744004e+00
1.276210424208375827e+00
1.681740675005274355e+00
-4.585875530062555328e-02
8.081444777696519255e-01
9.163537413196277681e-01
2.490560320050802634e+00
2.948380457938288401e+00
3.712508664143496784e+00
2.939671884754815334e+00
2.846930969790631316e+00
2.356568856176953108e+00
1.813877104904043858e+00
-9.389088964529697101e-01
-1.033075732919548573e+00
-2.525415315303326746e+00
-3.155015848722282357e-01
2.651398153016697457e-01
1.315365402423310126e+00
1.947187364604302307e+00
1.071918971763418327e+00
1.762605151600539433e+00
1.122971172659455785e+00
1.777892178832269909e+00
1.790398470642632356e+00
9.558409074701631480e-01
5.469781107109014107e-01
3.474755566239624560e-01
1.333384169798263574e+00
1.331618822474494257e+00
7.062129670296397599e-01
1.877734667411638858e+00
1.389313393859390677e+00
1.419791129898654969e+00
1.365506362685060093e+00
1.410855563892496223e+00
3.021178690169271874e+00
3.370730131100769356e+00
2.937256844735565142e+00
2.837611562832419665e+00
2.871728643829729588e+00
1.046034458982239235e+00
1.248162216645341882e+00
8.958209883489812730e-01
6.786241190346841146e-01
4.594399923447340384e-01
-7.042655624787824697e-02
1.336207479258686437e-01
-1.237644294979775572e-01
-1.162357845349877294e+00
-1.738151693792276964e+00
-3.502071276593766491e+00
-2.177863889224454841e+00
-1.765015194474173654e+00
-7.417025014038460817e-01
-1.429931439472916122e+00
-2.445460546528910761e+00
-2.792335273448895983e+00
-1.633726649084961124e+00
-1.713103583258005047e+00
-2.403894634992631563e-01
2.042399022127960873e-02
1.097270520137360261e+00
2.778051376215630031e-01
7.542040434041110686e-01
5.463383644294719232e-01
1.149493545890033941e+00
1.621008199088978863e+00
1.070416368104645688e+00
1.022713149053670278e+00
1.745618932227866349e+00
1.654851544677810926e+00
1.583463078669662627e+00
1.281882365563653536e+00
1.065532887634302206e+00
-4.302422538614703029e-01
-1.862586594348202285e-01
-4.215050818593977788e-01
1.170037976419473047e+00
6.854678405943184227e-01
1.457682431795944922e+00
1.796430261269992279e+00
1.665689617865280692e+00
1.037757912540670180e+00
2.176745341491494123e+00
2.659319780395672517e+00
2.023358983844762538e+00
1.251324563693676506e+00
1.232213120581997279e+00
1.083927643699907239e+00
2.032750944423010964e+00
1.931516726733665923e+00
1.977715513407870551e+00
1.772219716010887236e+00
1.105246312068191461e+00
1.394742499019019810e+00
7.808790375761693880e-01
8.412323383524563658e-01
1.296878193916884081e+00
1.270560196709935807e+00
1.198423545145117508e+00
1.183911840702430718e+00
1.846043858123538106e+00
1.192774954965727385e+00
1.007971466292038043e+00
1.093672968541243407e+00
2.171525167858881389e+00
2.311565072838739354e+00
2.986985139989419391e+00
2.567405514065977279e+00
2.423086495225793779e+00
2.382250394548720784e+00
2.035950427362700488e+00
8.249706571863881788e-01
1.192294574873681734e+00
8.613169903001134386e-01
3.070737122472947389e-01
5.153826862221460026e-01
1.559857738714420350e+00
1.603761250027700758e+00
2.485548535718600238e+00
1.205483978267447132e+00
1.109920319177559733e+00
4.417972535191472261e-02
1.623429718005909184e+00
1.579788121639193577e+00
1.085758530888333295e+00
2.084590493993723648e+00
3.804090217499203064e-01
1.769307207373161051e+00
2.975460733859605078e-01
1.216535069531176738e+00
1.033653017826649201e+00
1.249624916559245236e+00
7.219881606616436187e-01
1.359436420629513087e+00
1.404412567203509488e+00
1.624067328233386176e+00
9.609083028552504180e-01
1.212759337353648048e+00
3.316479131869276564e-01
5.516168972008812510e-01
8.333892410635879155e-01
1.229545520156282157e+00
2.334302999940174317e+00
2.323706282626305963e+00
1.654647844985779326e+00
7.509281363623441230e-01
1.313310256889083316e+00
1.062255270751749858e+00
7.316206635676207881e-01
2.050926960990218539e+00
2.726553406020344017e+00
1.522596333159980997e+00
2.664044908348539131e+00
2.440101038818428325e+00
3.472420198114802403e+00
2.923435176084087317e+00
3.365251783308606637e+00
3.157675215777334010e+00
2.689627588440178130e+00
3.633471777109673617e+00
3.542058096822013002e+00
2.194519237845156567e+00
2.620350390613535030e-01
1.082119362052567979e+00
9.061470961231141708e-01
9.784212382077600578e-01
1.064285001706206657e+00
1.420732761086365592e+00
2.202293886937236600e-01
5.645849643420968178e-01
1.011688638293376297e+00
1.226357150693289322e+00
4.816931606689688339e-01
-2.895487619579528715e-03
6.672871134636522150e-01
1.297648503340302018e+00
1.304155389059954651e+00
1.862759863375970770e+00
1.307039977089865967e+00
1.777661362905846865e+00
1.230284529366724833e+00
7.793301551525531057e-01
8.936519202137589435e-01
2.259007443816930305e+00
9.398334604056675090e-01
1.053885984506148787e+00
9.153264099026724443e-01
4.494666140444409930e-01
1.641884677461086683e+00
4.512711916773044507e-01
-2.318658686870185281e-01
-4.241283178457195269e-01
6.072294989726261250e-01
-4.699177425946319264e-01
5.021099451235226940e-01
1.143688992969566609e+00
1.820421980211124779e+00
1.000568335753939220e+00
5.728428240080312150e-01
7.643460293350775592e-01
-1.339536810154989821e-01
-3.467953168470471192e-01
9.905427652365242919e-01
-8.118935492764308703e-01
-1.088298378535859090e+00
-8.665617498423621168e-01
9.721974538715323355e-01
9.721453634747954098e-01
8.177243271393594970e-01
8.679992817261396043e-01
3.625816664085497187e-01
-3.087538140074485016e-01
-7.497668043753955569e-01
-5.385909640702591927e-01
-1.011208030000376734e-02
-2.642048881786953629e-01
7.654534677223159278e-01
1.763190928975479688e+00
1.738871749909768116e+00
1.184217347551244526e+00
2.130750350931838177e+00
1.245444297588115035e+00
1.645374361950441511e+00
1.639388533230919487e+00
1.094714038461156225e+00
1.907926808423774157e+00
1.366476285838269744e+00
1.594502558184747176e-01
-5.691300598378594700e-01
-2.922166210384986029e-01
4.643139746573197724e-01
-4.680620227554663226e-01
1.039529161515695632e+00
3.562944072408391616e-01
8.001357255564398585e-01
1.982957888438362071e+00
1.326269456302436867e+00
1.311890215817617111e+00
1.090626004418161710e+00
1.476861759102706451e+00
2.038026664307305502e+00
1.144134796265637855e+00
8.525640356248667118e-01
1.149743061775384545e+00
2.145370979069672224e+00
3.343941181669311646e+00
2.979705837974336191e+00
2.023709103099743167e+00
5.300531905297070079e-01
5.392361353196837293e-01
-9.026917496235742355e-03
-8.910856377231614334e-02
1.507959059624778719e+00
5.415693409952974102e-01
2.001633415856730824e+00
1.467596080029628380e+00
8.994953171865884833e-01
2.154054210537974523e+00
8.904201656518031527e-01
1.062488470909420446e+00
2.056635268221015389e-01
4.910046813870733717e-01
1.958484147500834105e-01
-2.644266025257862585e-01
1.661512734929132540e+00
1.520332074818860901e+00
1.322020199646921634e+00
5.396525744959430604e-01
1.742282220502544554e-01
-9.447919175998227281e-01
-3.189435117992100999e-01
6.674705337477878642e-01
1.261463749671596135e+00
8.398578421902349600e-01
1.418954992319407804e+00
1.572926236585146631e+00
1.543432512098844356e+00
1.117904023643270683e+00
1.721321075181693638e+00
1.311951748931277528e+00
1.458451817779337079e+00
8.148552352597382420e-01
1.501309488192085206e+00
5.167884991153077756e-01
3.035496315527239086e-01
-7.663902016354595670e-01
1.415637413104886333e+00
1.286917990166918324e+00
